#OTU ID	DNA_A1_1	DNA_A3_1	DNA_A3_2	DNA_A3_C1	DNA_B1_1	DNA_B1_2	DNA_B2_2	DNA_B2_C2	DNA_B3_1	DNA_B3_2	DNA_B3_C1	DNA_C1_1	DNA_C1_C1	DNA_C1_C2	DNA_C2_1	DNA_C2_C2	DNA_C3_1	DNA_C3_C1	DNA_D1_2	DNA_D1_C2	DNA_D2_2	DNA_D3_C1	DNA_D3_C2	RNA_A1_1	RNA_A1_2	RNA_A1_C2	RNA_A2_C1	RNA_A3_1	RNA_A3_2	RNA_B1_1	RNA_B1_C1	RNA_B1_C2	RNA_B2_1	RNA_B3_C2	RNA_C3_1	RNA_D1_2	RNA_D1_C1	RNA_D1_C2	RNA_D2_C2	RNA_D3_2	RNA_D3_C1	RNA_D3_C2
OTU_0	0	0	0	0	0	0	2	0	0	0	1	3364	37975	23856	5	31083	5	889	1	0	1	0	0	0	0	0	0	0	0	0	0	0	0	0	4	1	0	7	0	8	0	0
OTU_1	0	0	0	0	0	0	0	0	0	0	0	0	5	0	0	0	40161	3	1	0	0	0	0	0	0	0	0	0	0	0	2	1	0	7	38513	2	4	2	0	0	0	0
OTU_10	0	0	0	0	0	0	0	0	0	0	0	0	0	0	0	0	0	0	0	0	0	0	0	0	0	0	0	0	0	0	0	0	0	0	0	0	57	28	0	0	0	0
OTU_100	0	10	20	8	0	0	9	1	0	0	0	0	0	0	0	0	1	0	0	0	0	0	0	32	0	0	0	0	122	0	2	0	20	0	0	0	0	0	0	0	0	0
OTU_101	0	0	0	0	0	0	1	0	0	0	0	0	0	0	0	0	0	0	0	0	0	1	4	3	0	0	0	0	0	2	0	2	0	0	0	0	0	0	0	0	56	0
OTU_102	0	0	0	0	0	0	0	0	0	0	0	0	0	0	0	0	0	0	0	0	0	0	0	0	0	0	0	0	0	0	0	0	20	0	0	0	0	0	0	0	0	0
OTU_103	0	0	0	0	0	0	0	0	0	0	0	0	0	0	0	0	0	0	0	0	0	0	0	0	0	0	0	0	0	0	0	0	0	0	0	0	0	0	0	0	0	13
OTU_104	0	0	0	0	0	0	0	0	0	0	0	0	0	0	0	0	0	1	0	0	1	1	0	0	0	0	0	0	0	0	0	0	0	0	0	0	0	0	0	0	0	0
OTU_105	0	0	0	0	0	10	0	1	0	0	0	0	0	0	0	0	0	0	0	0	0	0	0	0	0	0	0	0	0	0	0	0	0	0	0	0	0	0	0	0	0	0
OTU_106	0	0	0	0	0	0	0	0	0	0	0	1	0	3	0	0	0	1	0	0	0	0	0	0	0	0	0	0	0	0	0	0	0	0	0	0	0	4	0	0	3	0
OTU_107	0	0	0	0	0	0	0	0	0	0	0	0	0	0	0	0	0	0	0	0	0	0	0	0	0	0	0	0	0	0	0	0	0	0	0	0	0	0	0	6	0	0
OTU_109	0	0	0	0	0	0	0	0	0	0	0	0	0	4	0	0	0	0	0	0	0	0	0	0	0	0	0	0	0	0	0	0	0	0	0	0	0	0	0	0	0	0
OTU_11	0	0	0	0	0	0	0	15	7	77	26	0	0	0	0	0	0	0	0	0	0	0	0	0	0	0	0	0	0	0	0	3	1	6	0	0	0	0	0	0	0	0
OTU_110	0	0	0	0	0	0	0	0	0	0	0	0	0	127	0	0	0	0	0	0	0	0	0	0	0	0	0	0	0	0	0	0	0	0	0	0	0	0	0	0	0	0
OTU_111	0	0	0	0	0	0	0	0	0	0	0	0	0	0	0	1	0	1	0	0	0	0	0	0	0	0	0	0	0	0	0	0	0	0	0	0	0	0	0	0	0	0
OTU_112	0	0	0	0	0	0	0	0	0	0	0	0	0	0	0	0	0	0	0	0	0	0	0	0	0	0	0	0	0	0	0	0	0	0	0	0	0	0	0	256	1	0
OTU_113	0	0	0	0	0	0	0	0	0	0	0	0	0	0	0	0	0	0	0	0	0	0	0	0	0	0	0	0	0	0	0	0	0	0	0	0	0	0	0	570	0	0
OTU_114	0	2	0	0	1	0	0	0	0	0	0	10	0	0	3	0	0	43	0	3	0	0	0	10	0	0	0	0	1	1	0	6	0	2	0	0	0	14	0	0	13	0
OTU_115	0	0	0	0	0	0	27	0	6	3	0	0	0	0	0	0	0	0	3	0	0	0	0	0	0	0	0	0	0	0	31	1	0	0	0	8	0	0	0	0	0	0
OTU_116	0	0	0	0	0	4	7	0	3	0	0	0	0	0	0	0	1	0	0	0	0	0	7	0	0	0	0	0	0	2	0	0	0	0	0	0	0	0	3	0	0	12
OTU_117	0	0	0	0	0	0	0	0	0	0	0	0	1	0	4	5	0	0	0	0	0	0	0	0	0	0	0	0	0	0	0	0	0	0	0	0	0	0	0	0	0	0
OTU_118	0	0	1	0	0	0	0	0	0	0	0	0	0	0	0	0	0	0	0	0	0	0	2	0	0	0	0	0	3	0	0	0	0	0	0	0	0	0	0	0	0	34
OTU_119	0	0	0	0	0	0	0	0	0	0	0	0	0	0	0	0	0	0	0	0	0	0	0	0	0	0	0	0	0	0	0	0	0	0	0	0	13	0	0	0	0	0
OTU_12	0	0	0	0	2	0	0	0	3	0	0	0	0	0	0	0	0	34	0	9	0	0	2	1	1	0	0	0	0	5	0	0	0	8	0	0	33	8	7	0	2	0
OTU_120	0	0	0	0	0	0	0	0	0	0	0	0	0	0	0	0	0	0	0	1	0	0	0	0	0	0	0	0	0	1	0	0	0	0	0	0	0	0	0	0	0	0
OTU_121	0	0	0	0	0	0	0	0	0	0	0	38	1	0	35	11	0	0	0	0	0	0	0	0	0	0	0	0	0	0	0	0	0	0	0	0	9	0	0	0	0	0
OTU_122	0	0	0	0	0	0	0	0	0	0	0	1	0	0	0	0	0	0	0	0	0	0	0	0	1	0	0	0	0	0	0	0	0	0	0	0	0	0	0	0	0	0
OTU_123	0	0	0	0	0	2	0	0	0	0	0	0	0	0	0	1	1	0	0	0	0	0	2	0	0	0	0	0	0	0	0	0	0	0	0	0	0	0	0	0	0	0
OTU_124	0	0	0	0	0	0	6	7	4	35	11	0	0	0	0	0	0	0	0	0	0	0	0	8	946	17	7	1240	438	0	18	24	10	129	0	0	0	0	0	21	0	0
OTU_125	0	0	0	0	0	0	0	0	0	0	0	0	0	0	0	0	0	21	0	0	0	0	0	0	0	0	0	0	0	0	0	0	0	0	0	0	0	15	0	0	0	0
OTU_126	0	0	3	1	0	0	0	0	0	0	0	0	0	0	0	0	0	0	0	0	0	0	0	0	1	1	0	0	48	0	0	0	0	0	0	0	0	0	0	0	0	0
OTU_127	4	2	1	10	0	0	0	0	0	0	0	0	0	0	0	0	0	0	0	0	0	0	0	0	0	0	0	0	0	0	0	0	0	0	0	0	0	0	0	0	0	0
OTU_128	0	10	0	0	0	0	0	0	0	0	0	0	0	0	0	0	0	0	0	0	0	0	0	3	0	0	0	0	0	0	0	0	0	0	0	0	0	0	0	0	0	0
OTU_129	3	2	4	19	2	0	1	20	2	0	4	0	0	0	0	0	0	0	0	0	0	0	0	3	124	103	23	236	6	12	6	125	10	43	0	0	0	0	0	0	0	0
OTU_13	10	990	0	0	0	0	85	86	11	2440	2212	0	1	0	0	0	0	0	0	0	0	3	0	206	0	5	0	0	0	0	999	40	0	40	0	0	0	0	1	0	0	0
OTU_130	0	0	0	0	0	0	0	0	0	0	0	0	0	0	0	0	0	0	0	0	0	0	0	0	0	0	6	0	0	0	3	0	0	0	0	0	0	0	0	0	0	0
OTU_131	0	0	0	0	0	0	0	0	0	0	0	0	0	0	9	0	0	0	0	0	0	0	0	0	0	0	0	0	0	0	0	0	0	0	0	0	0	0	0	0	0	0
OTU_132	0	0	0	0	0	0	0	0	50	0	0	0	0	0	0	0	0	0	0	0	0	0	0	0	0	0	0	0	0	0	44	6114	0	0	0	0	0	0	0	0	0	0
OTU_133	0	0	0	0	0	0	0	0	0	0	0	0	0	0	0	0	0	0	0	0	0	0	0	0	0	0	0	1	0	0	1	70	0	0	0	0	0	0	0	0	0	0
OTU_134	0	0	4	1	0	0	0	0	0	0	0	0	0	0	0	0	0	0	0	0	0	0	0	0	0	0	0	50	25	0	0	0	0	0	3	0	0	6	0	2	1	0
OTU_135	0	0	0	0	0	0	0	0	0	0	0	0	0	0	0	0	0	9	0	1	0	3	1	0	0	0	0	0	0	0	0	0	0	0	0	0	0	0	0	0	0	0
OTU_136	0	0	0	0	0	3	0	0	0	0	0	0	0	0	0	0	0	0	0	0	0	0	0	0	0	0	0	0	0	0	0	0	0	0	0	0	0	0	0	0	0	0
OTU_137	0	0	0	0	0	0	0	0	0	0	0	0	1	1	0	0	0	0	0	0	0	0	0	0	0	0	0	0	0	0	0	0	0	0	0	0	0	0	0	0	0	0
OTU_138	0	0	0	0	2	2	0	0	0	0	0	0	0	0	0	0	0	3	0	0	0	0	14	0	0	0	0	0	0	0	0	0	0	0	0	0	1	0	0	0	0	10
OTU_139	0	0	0	0	0	0	0	0	0	0	0	0	0	0	35	0	3	0	9	2	0	0	0	0	0	0	0	0	0	0	0	0	0	0	0	0	25	0	0	24	0	0
OTU_14	0	0	0	0	0	0	0	0	0	0	0	185	8	13	82	0	5	25	158	24	274	10	0	0	0	0	0	0	0	0	0	0	0	0	4	109	24	4	0	0	12	0
OTU_140	0	0	0	0	0	0	0	0	0	0	0	0	0	0	63	0	0	37	0	0	0	0	0	0	0	0	0	0	0	0	0	0	0	0	0	0	1	0	0	0	0	0
OTU_141	0	0	0	0	0	0	0	0	0	0	0	0	0	0	0	0	0	0	3	0	0	0	0	0	0	0	0	0	0	0	0	0	0	0	0	0	0	0	0	0	0	0
OTU_142	0	0	0	0	0	0	0	0	0	0	0	0	0	0	0	0	0	19	0	0	0	0	1	0	0	0	0	0	0	0	0	0	0	0	0	0	13	0	0	0	0	7
OTU_143	0	0	0	0	0	0	0	0	0	0	0	0	0	0	0	0	0	0	0	0	0	0	0	0	0	0	0	140	0	0	0	0	0	0	0	0	0	0	0	0	0	0
OTU_144	1	0	13	20	0	0	71	9	4	6	5	0	0	0	0	0	0	0	0	1	0	0	22	0	0	0	0	0	0	0	4	0	0	0	0	0	0	0	0	0	0	0
OTU_145	0	0	0	0	0	0	0	0	0	0	0	0	0	0	0	0	0	0	0	0	0	0	0	0	0	0	0	0	0	0	0	0	0	0	3	0	0	0	0	0	0	0
OTU_146	0	0	0	0	0	0	0	0	0	0	0	0	0	1	0	0	0	0	0	0	0	0	0	0	0	0	0	0	0	0	0	0	0	0	0	0	0	0	0	0	0	0
OTU_147	0	0	0	0	2	0	0	0	0	0	0	2	0	0	0	0	0	1	0	1	0	0	0	0	0	0	0	0	0	0	0	0	0	0	0	0	0	0	0	0	0	0
OTU_148	0	0	0	0	0	0	0	0	0	0	0	0	0	0	0	0	0	4	0	0	0	0	0	0	0	0	0	0	0	0	0	0	0	0	0	0	0	0	0	0	0	0
OTU_149	0	0	0	0	0	0	0	0	0	0	0	0	0	0	0	0	0	0	0	0	0	0	2	0	0	0	0	0	0	0	0	0	0	0	0	0	0	0	0	0	0	0
OTU_15	0	0	0	0	0	0	0	0	0	0	0	0	0	0	0	0	0	0	0	0	0	0	0	0	0	0	0	0	0	0	0	0	10	0	0	0	0	0	0	0	0	0
OTU_150	0	0	0	0	0	0	0	0	0	0	0	0	0	0	0	0	0	0	0	0	0	0	0	0	0	0	0	0	0	0	0	0	0	222	0	0	0	0	0	0	0	0
OTU_151	0	0	0	0	0	0	0	0	0	0	0	0	0	0	0	0	0	152	7	1	0	2	6	0	0	0	0	0	58	7	0	0	0	0	0	14	13	0	0	2	0	6
OTU_152	0	0	0	0	0	0	0	0	0	1	0	0	0	0	0	0	0	0	0	1	0	0	0	0	0	0	0	0	0	0	0	0	0	0	0	0	206	0	0	0	0	0
OTU_153	0	0	1	0	0	0	0	0	0	0	0	0	0	0	0	0	0	0	0	0	0	0	0	0	0	0	0	0	698	0	0	0	0	0	0	208	0	3	0	0	0	6
OTU_154	0	0	0	0	8	0	0	0	0	0	0	0	14	16	0	0	0	31	0	0	0	0	0	0	0	0	4	0	0	14	0	0	0	0	0	0	530	0	0	0	0	0
OTU_155	0	0	0	0	0	0	0	0	0	0	0	0	0	0	0	0	0	0	0	0	0	0	0	0	0	0	0	0	0	0	0	0	0	0	0	0	306	0	0	0	0	0
OTU_156	0	0	0	0	0	0	0	0	0	0	0	0	0	0	0	1	0	0	0	0	0	0	5	0	0	0	0	0	0	0	0	0	0	0	0	0	0	0	0	173	0	57
OTU_157	0	0	0	0	0	0	0	0	0	0	0	0	0	0	0	0	0	0	0	0	0	0	0	0	0	0	0	0	0	0	15	0	0	5	0	0	7	0	0	0	0	0
OTU_158	0	0	0	0	0	0	38	0	0	150	8	0	0	0	0	0	0	0	0	0	0	0	0	0	0	0	0	0	0	0	3	19	0	8	0	0	0	0	0	0	0	0
OTU_159	0	0	0	0	0	0	0	0	0	0	0	0	0	0	0	0	0	0	0	0	0	0	0	0	0	0	0	0	0	0	0	0	0	681	0	0	0	0	0	0	0	0
OTU_16	3	0	0	0	0	1	0	0	0	0	0	0	0	0	0	0	0	15	0	0	0	2	1	0	5	1	0	0	0	0	0	0	0	0	0	0	0	0	0	0	0	9
OTU_160	0	0	0	0	0	0	8	0	0	0	0	0	0	0	0	0	0	0	0	0	0	0	0	0	0	0	0	0	0	0	1	2	4211	0	0	0	1	0	0	0	0	0
OTU_161	0	0	0	0	0	1	0	0	1798	1	0	0	0	0	0	0	0	0	0	0	0	0	0	0	0	0	0	0	0	0	72	1	0	0	0	0	0	0	0	0	0	0
OTU_162	0	0	0	0	222	16	374	8	23	0	86	0	0	0	0	0	0	0	14	0	0	0	7	0	0	1	0	0	1	486	299	8	447	1133	8	0	219	0	128	9	0	26
OTU_163	1	0	0	291	0	0	0	0	0	0	0	0	0	0	0	0	0	0	0	0	0	0	0	0	0	1263	0	154	0	0	0	0	0	0	0	0	0	0	0	368	1	0
OTU_164	0	0	46	0	0	0	0	0	0	0	0	0	0	0	0	0	0	0	0	0	0	0	0	0	0	0	0	0	14	0	0	0	0	0	0	0	0	0	0	0	0	0
OTU_165	0	0	0	0	0	0	0	0	0	0	0	0	0	0	0	0	0	0	0	0	0	0	0	0	0	0	0	0	0	0	0	0	0	0	0	0	0	0	0	125	0	0
OTU_166	0	0	0	0	0	0	105	0	2	0	0	0	0	0	0	0	0	0	0	0	0	0	0	0	0	0	0	0	0	0	0	0	2513	0	0	0	0	0	0	0	0	0
OTU_167	0	0	296	0	72	10	0	0	0	1	2	890	8	0	0	0	0	0	0	1	0	3	0	0	0	1723	0	0	188	41	0	2	788	0	1	0	1	1	199	7	1	0
OTU_168	0	1048	0	0	0	0	2	0	0	0	0	0	0	0	0	0	0	0	0	0	0	0	0	174	2	0	1130	0	0	0	0	13	1622	0	0	0	0	0	0	0	0	0
OTU_169	0	0	0	0	0	0	0	0	0	0	1352	0	0	0	0	7	9	0	0	0	0	0	0	0	0	0	0	0	0	0	0	0	0	0	4	0	93	0	28	0	0	0
OTU_17	0	5294	324	95	1	9	108	73	214	33	1015	0	0	0	0	0	1	0	2	9	0	0	0	21864	1	5	248	0	82	6	34	3	141	460	0	0	335	18	0	0	0	0
OTU_170	0	0	0	0	0	0	0	0	0	0	0	7	0	0	0	330	0	1	0	0	0	0	0	0	0	0	0	0	0	0	0	0	0	0	0	0	0	0	0	0	0	0
OTU_171	0	0	0	0	0	0	1	0	0	0	0	0	0	0	0	0	0	0	0	0	0	0	0	0	0	0	0	0	0	0	0	1	325	0	0	0	0	0	0	0	0	0
OTU_172	0	1	0	0	0	0	0	476	6	0	1	0	0	0	0	0	0	0	0	0	0	0	0	0	0	0	0	253	0	0	0	89	1	2437	0	0	0	0	155	0	0	0
OTU_173	0	0	0	0	0	0	0	0	0	0	0	0	0	0	0	0	0	59	0	0	11	0	1	0	0	0	0	0	0	0	0	0	0	0	0	0	0	0	0	0	0	0
OTU_174	0	0	0	0	0	0	0	0	1	6	0	0	0	0	0	0	0	0	0	0	0	0	0	0	0	0	0	0	0	0	0	0	17	46	0	0	0	0	25	0	9	0
OTU_175	0	0	0	0	0	0	19	0	0	0	0	0	0	0	0	0	0	0	0	0	0	0	0	0	0	0	0	0	0	0	0	0	0	0	0	0	0	0	0	0	0	0
OTU_176	0	2	8	0	0	2	0	0	0	0	0	1	3	2	1	1	0	12	0	2	0	4	1	4	23	3	3	3	80	16	5	0	1	0	6	35	5	53	14	5	14	9
OTU_177	0	0	0	0	0	0	0	0	2	0	0	0	0	0	0	0	0	0	0	0	0	0	0	0	0	0	0	0	0	0	4	0	7	0	0	0	2	0	0	0	0	0
OTU_178	0	0	0	1	522	3606	0	0	0	0	0	0	0	0	0	0	0	0	0	0	0	0	0	0	0	0	0	0	0	743	2	0	0	0	0	0	0	0	0	0	0	0
OTU_179	0	0	0	0	0	0	0	0	0	0	0	0	454	563	0	1	0	0	0	0	88	0	0	0	0	0	0	0	0	0	0	0	0	0	0	0	0	0	0	0	0	0
OTU_18	3695	7	1946	142	0	243	0	0	0	0	0	0	0	0	0	0	0	0	0	0	245	1	0	19	7352	0	4296	1	2417	0	1	423	0	1	0	0	0	0	1405	12	0	0
OTU_180	0	0	13	0	0	28	1	0	0	0	1	0	0	0	0	0	0	0	0	0	0	0	0	0	0	0	295	0	12	0	1	258	259	49	0	0	0	0	0	0	0	0
OTU_181	0	0	0	0	0	0	0	0	267	0	0	0	0	0	0	0	0	0	0	0	0	0	0	0	0	0	0	0	0	0	0	0	0	2	0	0	0	0	0	0	0	0
OTU_182	0	0	0	0	0	0	0	0	0	0	0	0	0	0	0	0	0	0	0	0	0	0	0	0	0	0	0	0	0	0	10	60	0	277	0	0	0	0	0	0	0	0
OTU_183	0	0	0	3	0	0	0	0	0	0	0	0	0	357	0	0	0	0	0	0	5	12	0	0	0	0	0	0	1	0	0	0	0	0	0	0	0	0	0	0	18	0
OTU_184	0	0	0	0	0	0	0	0	0	0	0	0	0	0	0	0	0	0	0	0	0	0	0	0	0	289	0	0	0	0	0	0	0	0	0	0	0	0	0	0	0	0
OTU_185	15	0	0	0	27	279	0	0	0	0	0	574	0	15	33	0	0	0	0	0	0	0	0	0	98	15	0	0	0	211	0	0	0	0	0	0	0	17	166	0	0	0
OTU_186	0	0	3	1	0	0	0	0	0	0	0	0	0	0	0	0	0	0	0	0	0	0	0	0	0	3966	1055	76	0	1	0	0	0	0	0	0	0	0	0	0	0	0
OTU_187	0	0	8	0	0	4	0	0	0	0	0	0	0	0	0	0	0	0	0	0	0	0	0	0	0	0	0	0	10	0	0	0	0	0	0	0	0	0	0	0	0	0
OTU_188	0	0	0	0	0	0	0	0	0	0	0	24	0	0	0	0	0	0	0	0	0	0	0	0	0	0	0	0	0	0	0	0	0	0	0	0	0	0	0	0	0	0
OTU_189	0	0	0	7	0	0	0	0	0	0	0	0	0	0	0	0	0	0	0	0	0	0	0	0	0	0	0	0	0	0	0	0	0	0	0	0	0	0	0	0	0	0
OTU_19	0	0	0	0	0	0	186	138	0	37	9	0	0	5	0	0	0	0	0	0	0	0	18	3	0	0	0	0	0	1	0	0	0	0	0	0	0	0	0	0	0	29
OTU_190	0	0	0	0	0	0	0	0	0	0	1	2	0	0	0	0	0	60	20086	5	24985	0	0	0	0	0	0	0	0	0	1	0	0	0	0	4952	0	0	1	6	0	0
OTU_191	0	0	0	0	0	0	0	0	0	0	0	0	0	0	0	0	0	0	0	0	0	0	0	0	0	0	0	0	0	0	0	0	0	0	0	0	0	0	0	54	0	0
OTU_192	0	0	0	0	0	0	0	0	0	0	0	0	0	0	0	0	0	10	0	0	0	0	0	0	0	0	0	0	0	0	0	0	0	0	0	0	0	0	0	0	0	0
OTU_193	0	0	0	0	0	0	0	0	0	0	0	0	0	0	0	0	0	0	0	0	0	0	0	0	0	0	0	0	0	0	2	6	1	0	0	0	0	0	0	0	0	0
OTU_194	0	0	0	0	0	0	7453	0	0	0	1	0	0	0	0	0	0	0	0	0	0	0	0	0	0	0	0	0	0	0	0	0	0	0	0	0	0	0	0	0	0	0
OTU_195	0	0	0	0	0	0	0	0	0	0	0	0	0	2	0	0	0	2	0	0	0	0	0	0	0	0	0	0	0	0	0	0	0	0	0	0	0	0	0	0	0	0
OTU_196	0	0	12276	1	0	0	0	0	0	0	0	1	0	0	0	0	0	0	0	3	0	4837	0	0	0	0	0	0	14897	0	2	0	0	1	3	2	1636	7	0	1	4460	0
OTU_197	63	54	759	1965	2484	3907	850	1	444	0	27	87	9	4	726	215	0	2326	5	1	1445	12	0	34	145	118	141	0	802	2844	24	245	13	248	0	1	172	4	15	427	39	0
OTU_198	1977	1	4149	0	0	0	0	0	0	0	0	1	7	16	0	0	0	1426	2	0	475	0	0	2	3499	513	0	1471	7991	0	0	0	18	0	0	0	0	0	3	1405	0	1
OTU_199	0	2	2	4	1618	0	0	0	0	1	3	5	2	1	0	0	0	0	0	46	4	225	0	4	0	0	1082	1	3	3705	1	0	0	2	0	1	5214	66	0	2150	1824	1
OTU_2	0	0	0	0	0	0	2	3	1	2	1	0	0	0	0	0	0	0	0	0	0	0	0	0	0	0	2	1	0	0	0	1	1	5	0	0	0	0	0	0	0	0
OTU_20	0	0	0	0	0	0	0	0	0	0	0	0	0	0	0	0	0	0	0	0	0	0	0	0	0	0	14	0	0	0	0	0	0	0	0	0	0	0	0	0	0	0
OTU_200	159	615	0	2	0	0	1542	47	0	0	0	0	0	0	0	0	0	0	0	0	0	0	0	593	181	3122	1	0	0	0	45	0	1075	7562	0	0	0	0	0	1	1	0
OTU_201	0	0	0	0	0	0	415	70	0	0	138	0	0	0	0	0	0	0	0	0	0	0	0	0	0	0	0	0	0	0	0	8	2048	0	0	14	0	0	0	5	0	0
OTU_202	0	0	0	0	0	0	0	0	0	0	0	66	4	7	816	0	0	19	0	0	0	0	0	0	0	0	0	0	0	0	0	0	0	0	0	0	1	0	0	0	0	0
OTU_203	0	1341	0	0	0	0	89	797	19	1	45	3	0	0	0	0	0	0	0	0	0	0	0	322	0	0	0	0	0	0	0	4	112	0	0	0	0	0	0	0	0	0
OTU_204	0	0	0	0	0	0	0	0	915	0	0	0	0	0	0	0	0	0	0	0	0	0	0	0	0	0	0	0	0	0	0	0	0	0	0	0	0	0	0	0	0	0
OTU_205	0	0	0	270	0	0	0	0	0	0	0	0	0	0	0	0	0	0	0	0	0	0	0	0	1	0	0	0	0	0	0	0	0	0	0	0	0	0	0	0	0	0
OTU_206	0	0	0	0	0	0	0	0	0	0	0	0	106	0	0	125	0	0	0	0	0	0	0	0	0	0	0	0	0	0	0	0	0	0	0	0	48	9	0	0	0	0
OTU_207	0	0	0	153	0	0	0	0	0	0	0	0	0	0	0	0	0	0	0	0	0	0	0	0	0	0	0	70	0	1	0	5	0	168	0	0	0	0	0	0	0	0
OTU_208	0	0	0	0	0	258	0	0	0	0	0	0	0	0	0	0	0	0	0	0	0	0	0	0	0	0	0	0	0	0	0	0	0	0	0	0	0	0	0	0	0	0
OTU_209	0	0	0	0	0	0	0	0	0	0	104	0	0	0	0	0	0	0	0	0	0	0	0	0	0	0	0	0	0	0	115	1	0	0	0	0	0	0	0	0	0	0
OTU_21	1	0	3	0	0	0	1	0	0	0	0	0	0	0	0	0	0	3	0	0	0	0	0	5	0	1	0	0	1	4	0	0	0	0	1	0	40	0	4	0	0	0
OTU_210	0	0	0	0	0	0	0	0	0	0	0	0	0	61	11	0	0	0	0	7	0	0	0	0	0	0	0	0	0	0	0	0	0	0	0	0	0	77	0	0	0	0
OTU_211	0	0	0	0	0	0	0	0	0	0	0	0	0	0	0	0	0	0	0	0	56	0	0	0	0	0	0	0	0	0	0	0	0	0	0	0	0	0	0	0	0	0
OTU_212	0	0	0	0	0	0	0	0	0	0	0	0	0	0	0	23	0	0	0	0	0	0	0	0	0	0	0	0	0	0	0	0	0	0	0	0	0	0	0	0	0	0
OTU_213	0	0	0	0	0	0	0	0	14	0	0	0	0	0	0	0	0	0	0	0	0	0	0	0	0	0	0	0	0	0	0	0	0	0	0	0	0	0	0	0	0	0
OTU_214	0	0	0	0	0	0	0	0	0	0	0	0	0	0	0	0	0	0	0	0	0	0	0	0	0	0	0	0	0	0	0	0	0	0	0	0	21	0	0	0	3	0
OTU_215	0	0	0	0	0	0	0	33	0	0	0	0	0	0	0	0	0	0	0	0	0	0	0	0	0	0	0	0	0	0	0	0	0	0	0	0	0	0	0	0	0	0
OTU_216	0	0	0	0	0	0	2	0	25	0	2	0	0	0	0	0	0	0	0	0	0	0	0	0	0	0	0	0	0	0	0	0	0	0	0	0	0	0	0	0	0	0
OTU_217	0	0	0	0	0	0	1635	0	1097	0	0	0	0	0	0	0	0	0	0	0	0	0	0	0	0	0	0	0	0	0	0	0	0	78	0	0	0	0	0	0	0	0
OTU_218	0	0	0	0	0	0	0	0	0	0	0	0	0	0	0	0	0	0	0	0	0	0	2	0	0	0	0	0	0	0	0	0	0	0	0	0	0	0	0	0	0	0
OTU_219	0	0	0	0	0	8	0	0	0	0	0	0	0	0	0	0	0	0	0	0	0	0	0	0	0	0	0	0	0	0	0	0	0	0	0	0	0	0	0	0	0	0
OTU_22	0	0	0	0	0	4	0	0	3	13	3	0	0	0	0	0	0	0	0	2	0	0	0	0	0	0	0	0	0	0	1	4	0	3	1	0	24	0	2	0	0	0
OTU_220	0	0	0	0	0	0	0	0	0	0	0	0	0	0	0	0	0	0	0	0	0	0	0	0	0	0	0	0	0	0	0	0	0	0	0	0	0	6	0	0	0	0
OTU_221	0	0	0	0	0	1	602	3	6891	1	449	0	0	0	0	0	0	0	0	612	0	0	0	0	0	25	0	0	0	0	517	616	312	808	0	0	776	408	3	0	0	0
OTU_222	0	0	0	0	0	0	433	5202	68	0	0	0	0	0	0	0	0	0	0	0	0	0	0	0	0	0	0	0	0	0	6	6249	519	0	0	0	0	0	0	0	0	0
OTU_223	0	0	6	0	0	0	0	0	0	0	0	0	0	0	0	0	0	0	18	86	0	78	79	0	0	221	0	1	27	0	0	0	0	0	0	63	0	355	4	197	98	30
OTU_224	0	0	0	61	1	0	0	0	0	1	0	0	0	0	0	0	0	0	0	0	0	113	0	1	0	12	0	0	0	1	0	168	0	189	0	0	1	0	41	0	433	0
OTU_225	0	0	0	0	0	0	0	0	0	0	0	27	2	25	9	6	0	108	1	0	0	0	0	0	0	0	0	0	0	0	0	0	0	0	0	0	0	0	0	0	0	0
OTU_226	0	0	0	0	0	0	0	0	0	0	0	1	0	1	4	0	0	306	0	0	0	0	0	4	0	0	0	0	0	1	0	0	0	0	0	0	0	3	0	0	0	0
OTU_227	0	0	0	0	0	0	0	0	0	0	0	0	0	0	19	1	0	1	0	0	0	0	0	0	0	0	0	0	0	0	0	0	0	0	0	0	0	0	0	0	0	0
OTU_228	0	0	0	0	0	0	0	0	0	0	0	0	0	0	0	2	0	30	0	0	0	0	0	0	0	0	0	0	0	0	0	0	0	0	1	0	0	0	0	0	0	0
OTU_229	0	0	1	0	711	192	0	0	0	0	0	0	0	0	0	0	0	0	0	0	0	0	0	0	0	0	0	0	0	809	0	0	0	0	0	0	0	0	0	30	0	0
OTU_23	0	0	0	0	0	0	0	0	0	12	0	0	0	0	0	0	0	0	0	0	0	0	0	0	0	0	0	0	0	0	0	0	0	0	0	0	0	0	0	0	0	0
OTU_230	0	0	0	0	0	0	2	0	8	0	0	0	0	0	0	0	0	0	0	0	0	0	0	0	0	0	0	0	0	0	0	17	0	0	0	0	0	0	0	0	0	0
OTU_231	0	0	0	0	0	0	0	0	0	0	0	0	0	0	0	0	0	0	0	0	0	0	0	0	0	0	0	0	0	0	0	0	254	0	0	0	0	0	0	0	0	0
OTU_232	0	0	0	0	0	0	0	0	0	0	8670	0	0	0	0	0	0	0	0	0	0	0	0	0	0	0	0	0	0	0	0	0	0	900	0	0	0	0	0	0	3	0
OTU_233	0	0	0	0	0	0	0	0	0	0	0	0	0	0	0	0	0	0	0	0	0	0	0	0	0	0	0	135	0	0	0	23	0	192	0	0	0	0	0	0	0	0
OTU_234	0	10	1	15878	0	2	3342	0	0	0	0	0	0	0	0	0	0	0	0	0	0	0	0	3	0	0	0	430	0	0	0	0	3	0	0	0	0	0	0	0	0	0
OTU_235	0	2	0	8676	0	2	9	12024	10015	3	1	0	0	0	0	0	0	0	0	0	0	0	0	0	0	1	0	0	0	0	22	0	0	1527	0	0	0	0	0	0	0	0
OTU_236	204	0	0	771	0	0	0	0	0	0	358	0	0	0	0	0	0	184	0	0	0	0	0	0	1020	133	391	1	1	0	1	19	0	0	0	0	0	0	0	0	0	0
OTU_237	0	0	5	0	0	0	0	0	0	77	0	0	0	0	0	0	0	0	0	3	0	6	0	0	5	0	0	297	0	0	0	25	1	0	1	0	43	14	0	0	0	0
OTU_238	0	0	0	5	0	0	0	0	0	0	0	0	0	0	0	0	0	0	0	0	0	0	0	0	0	0	0	2055	0	0	0	0	0	0	0	0	0	0	3	0	0	0
OTU_239	0	0	0	0	0	0	1115	0	0	7	829	0	0	0	0	0	0	0	0	0	0	0	0	0	0	0	0	0	0	0	1368	3192	85	5	1	0	0	7	0	0	0	6
OTU_24	0	0	0	0	0	0	0	0	0	0	0	0	0	0	0	0	0	1	0	0	1	0	0	0	0	0	0	0	0	0	0	0	0	0	0	559	1	0	1730	0	0	0
OTU_240	0	0	0	0	0	0	0	0	0	0	0	0	0	0	0	0	0	0	0	0	0	0	0	0	0	0	0	0	0	0	16	0	0	303	0	0	0	0	0	425	0	0
OTU_241	0	7	218	3	4	443	60	71	20	85	59	3	0	12	23	0	2	36	8	0	6	0	133	0	0	0	0	0	17	0	1	8	0	2	0	0	0	0	4	0	0	22
OTU_242	0	7	22	0	16	0	10	0	4	2	0	19	0	0	15	1	0	13	1	0	0	6	3	0	4	0	0	2	0	3	0	1	4	0	0	0	9	0	0	19	0	0
OTU_243	0	0	0	0	0	0	0	0	0	48	10	0	0	0	0	0	2	1	0	1	0	0	0	0	0	0	0	0	0	0	0	1	1	0	24	0	54	7	0	0	0	0
OTU_244	0	0	0	0	0	0	0	0	0	0	0	1	2	3	47	10	0	46	6	0	5	0	0	0	0	0	0	0	0	0	0	0	0	0	0	0	0	0	0	0	0	2
OTU_245	0	0	0	0	0	0	0	0	0	0	0	7	0	1	2	1	0	1	0	0	0	0	0	0	0	0	0	0	0	0	0	0	0	0	0	0	5	0	0	0	0	0
OTU_246	4	7	2	0	0	0	2	0	0	0	0	0	0	0	0	0	0	0	0	0	0	0	0	4	5	0	0	0	0	0	0	0	0	0	0	0	0	0	0	0	0	0
OTU_247	0	0	0	0	0	0	0	0	0	0	0	1	0	0	0	0	0	8	0	0	0	0	0	0	0	0	0	0	0	0	0	0	0	0	1	0	1	0	0	0	0	0
OTU_248	0	0	0	0	0	0	0	0	0	0	0	0	0	0	0	0	0	0	0	0	0	0	47	0	0	0	0	0	0	0	0	0	0	0	0	0	0	0	0	0	1	18
OTU_249	8	0	0	0	0	0	0	13	0	0	9	0	0	0	0	0	0	0	0	0	0	0	0	0	0	0	0	0	1	0	0	0	0	0	0	0	0	0	0	0	0	0
OTU_25	0	0	2	0	0	0	0	0	0	0	0	0	0	0	0	0	0	0	0	0	0	0	0	0	0	0	0	437	372	1	0	0	1	0	2	0	0	1	0	1280	5	0
OTU_250	42	0	0	0	0	0	0	0	0	0	0	0	1	1	0	0	0	1	0	0	0	0	0	0	76	0	0	1	0	0	0	0	0	0	0	0	0	0	0	0	0	0
OTU_251	0	0	0	0	0	0	0	0	0	0	0	0	0	0	0	0	0	0	0	0	0	0	0	0	0	0	0	0	0	0	0	0	0	0	0	0	0	0	0	14	0	0
OTU_252	0	0	0	0	0	0	0	0	0	0	0	0	0	0	0	0	0	0	0	0	0	0	0	0	0	0	0	0	0	0	0	0	0	0	0	0	27	3	0	0	0	0
OTU_253	0	3	0	0	0	0	0	0	0	0	0	0	0	0	0	0	0	0	0	0	0	0	0	0	0	0	0	0	0	0	0	0	0	0	0	0	0	0	0	0	0	0
OTU_254	0	0	0	0	0	0	0	0	0	0	0	0	0	0	0	0	0	0	0	0	0	0	0	0	1	0	0	0	2	1	0	0	0	0	0	0	0	0	6	0	0	0
OTU_255	0	0	0	0	0	0	0	0	0	0	0	0	0	0	0	0	0	0	0	0	0	0	0	0	0	0	0	0	0	0	2	5	1	0	0	0	0	0	0	3	0	0
OTU_256	0	0	0	0	90	908	22	0	0	0	0	4	0	0	0	0	0	0	0	0	0	0	0	0	0	0	0	0	0	91	755	17	503	1313	6	0	0	0	0	0	0	0
OTU_257	0	0	0	0	0	0	20	0	0	0	6182	0	0	0	0	0	0	0	0	0	0	0	0	0	0	0	0	0	0	2	0	0	1578	2	0	0	0	0	0	0	0	0
OTU_258	3	0	1	0	0	0	0	0	0	0	0	0	0	0	0	0	0	0	0	0	0	0	0	0	0	0	3083	0	0	0	0	0	0	0	0	0	0	0	0	0	1	0
OTU_259	0	0	0	3037	0	11	0	81	0	0	0	0	0	0	0	0	0	0	0	0	0	0	0	0	0	0	0	0	0	0	0	0	0	0	0	0	0	0	0	0	0	0
OTU_26	0	0	0	0	0	0	0	0	0	0	0	0	0	0	0	0	0	0	0	0	0	0	0	0	0	0	0	0	0	0	0	0	0	0	59	7	0	0	190	0	0	0
OTU_260	251	0	0	932	0	0	0	0	0	0	0	0	0	0	0	0	0	0	0	0	0	0	0	0	2520	0	0	0	0	0	0	268	0	0	0	0	0	0	0	0	0	0
OTU_261	134	0	0	0	0	0	0	0	0	0	0	0	0	0	0	0	0	0	0	0	0	0	0	0	252	0	0	110	0	0	0	0	0	0	0	0	0	0	0	0	0	0
OTU_262	0	0	0	0	131	42	0	0	0	0	0	0	0	0	0	0	0	0	0	0	0	0	0	0	0	0	0	0	0	28	0	0	0	0	0	0	0	0	0	0	0	0
OTU_263	0	0	0	0	0	0	0	0	0	0	0	0	0	0	0	0	0	0	0	0	0	0	0	0	0	0	0	0	0	0	0	0	0	0	0	0	0	0	0	225	0	0
OTU_264	0	0	0	0	0	0	0	0	0	0	0	63	0	0	0	0	0	0	58	0	0	0	0	0	0	0	0	0	0	0	0	0	0	0	0	0	0	0	0	0	0	0
OTU_265	0	0	85	0	0	0	0	0	0	0	0	0	0	0	0	0	0	0	0	0	0	0	0	0	0	0	0	0	12	0	0	0	0	0	0	0	0	0	0	0	0	0
OTU_266	0	0	0	0	0	0	0	0	87	14	0	0	0	0	0	0	0	0	0	0	0	0	0	0	0	0	0	0	0	0	0	0	0	0	0	0	0	0	0	0	0	0
OTU_267	0	0	0	0	0	0	0	0	78	14	6	0	0	0	0	0	0	0	0	0	0	0	0	0	0	0	0	0	0	0	0	0	0	0	0	0	0	0	0	0	0	0
OTU_268	0	0	0	0	0	0	0	0	0	0	0	0	0	0	5	0	0	38	0	0	0	0	0	0	0	0	0	0	0	0	0	0	0	0	0	0	0	0	0	0	0	0
OTU_269	0	0	1	1	0	0	0	0	0	0	0	0	0	1	0	0	0	0	0	0	0	0	11	0	0	1	0	32	2	0	0	0	0	0	0	0	0	8	0	0	0	10
OTU_27	0	0	0	0	0	0	0	0	0	0	0	0	0	0	0	0	0	1	0	0	0	0	0	0	0	0	0	0	2	28	326	2	2	0	0	0	0	0	3	0	6	0
OTU_270	2	0	0	0	0	1	0	1	15	35	2	0	0	0	0	0	0	0	0	0	0	0	0	0	0	0	7	26	0	0	0	0	3	0	0	0	0	0	0	0	0	0
OTU_271	0	0	0	0	0	0	0	0	0	0	0	46	0	0	0	0	0	0	0	2	0	0	0	0	0	0	0	0	0	0	0	0	0	0	0	0	0	0	0	0	0	0
OTU_272	4	0	3	0	0	0	17	0	0	1	0	0	0	0	0	0	0	0	0	0	0	0	0	0	0	0	0	0	0	0	0	0	0	0	0	0	0	0	0	0	0	0
OTU_273	0	0	0	0	0	0	0	0	0	0	0	0	0	0	0	0	0	0	0	0	0	0	0	0	0	1	0	51	0	0	0	0	4	2	0	0	0	1	0	1	0	0
OTU_274	0	0	0	3	0	0	0	0	0	0	0	0	0	0	0	0	0	0	0	0	0	0	0	0	0	0	0	0	0	0	0	0	18	0	0	0	0	0	0	0	0	0
OTU_275	0	0	0	0	0	0	0	0	0	6	10	0	0	0	0	0	0	0	0	0	0	0	0	0	0	0	0	0	0	0	0	0	0	0	0	0	0	0	0	0	0	0
OTU_276	0	0	0	0	0	0	0	0	6	2	0	0	0	0	0	0	0	0	0	0	0	0	0	0	0	0	0	0	0	0	0	0	0	0	0	0	0	0	0	0	0	0
OTU_277	0	0	0	0	0	0	0	0	1	19	0	0	0	0	0	0	0	0	0	0	0	0	0	0	0	0	0	0	0	0	0	0	0	0	0	0	0	0	0	0	0	0
OTU_278	0	73	6	0	0	0	411	2	0	172	24	8261	1	50	3	6	9	0	0	1	1	1043	6	160	0	676	1	27	8	0	3	36	2570	42	5	0	0	0	775	0	1365	0
OTU_279	0	0	0	0	0	0	0	0	0	0	0	0	0	0	0	0	0	0	0	0	0	0	0	0	0	0	0	0	0	0	0	0	13	0	0	0	0	0	0	0	0	0
OTU_28	0	0	0	0	0	0	0	0	0	0	0	0	0	0	0	0	0	0	0	0	0	0	0	0	0	0	0	0	0	1	0	0	0	0	117	0	3	29	33	0	20	0
OTU_280	0	0	0	0	0	0	0	0	0	0	0	0	0	0	0	0	0	0	0	0	0	0	0	0	0	0	0	0	0	0	0	0	0	0	0	0	0	0	0	0	9	0
OTU_281	0	0	0	0	0	0	0	9	2	2529	1	0	0	0	0	0	0	0	0	0	0	0	0	0	0	0	0	0	0	0	0	0	0	1	0	0	0	0	0	0	0	0
OTU_282	0	0	0	0	0	0	0	0	0	0	0	0	0	0	0	0	0	8	0	0	0	0	0	0	0	0	0	0	0	0	0	0	0	0	0	0	0	0	0	0	0	0
OTU_283	0	0	0	0	0	0	0	0	0	0	0	0	1	1446	465	0	1	1	0	1154	44	3	0	0	0	5886	1	9424	6	2	3	1	0	3	0	0	354	878	3068	0	0	0
OTU_284	0	0	0	0	0	0	0	0	0	0	0	0	0	0	0	0	0	0	0	0	0	0	0	0	0	0	0	0	0	0	0	0	0	0	0	0	0	0	5	0	0	0
OTU_285	0	0	0	0	0	0	0	0	0	0	0	0	0	0	0	0	0	0	0	0	0	2	0	0	0	0	0	0	0	0	0	0	0	0	0	0	0	0	0	670	1	0
OTU_286	0	0	0	0	0	0	0	0	0	0	0	0	0	1	0	0	0	0	0	0	0	0	0	0	1	0	0	0	0	0	0	0	0	0	0	0	0	0	0	14	0	0
OTU_287	0	0	0	0	0	0	0	0	0	0	0	0	0	0	0	0	0	0	0	0	0	0	1	3	0	0	0	3	0	0	0	0	0	0	0	0	19	0	0	0	0	0
OTU_288	0	0	0	0	0	0	0	0	0	0	0	0	0	0	0	0	0	0	0	0	0	0	0	1	10	0	0	19	0	0	0	0	0	1	0	0	0	0	0	0	0	0
OTU_289	0	0	0	0	0	0	0	0	0	0	8	0	0	0	0	0	0	0	0	0	0	0	0	0	0	0	0	0	0	0	0	0	0	0	0	0	0	0	0	0	0	0
OTU_29	0	0	0	0	0	0	0	0	0	0	0	0	0	0	0	0	0	0	0	0	0	0	0	0	0	0	0	0	0	0	0	0	0	0	57	23	0	5	62	0	38	0
OTU_290	0	1	0	1	0	0	0	0	0	0	0	0	0	0	0	0	0	0	0	0	0	0	0	0	0	0	0	0	0	0	0	0	0	0	0	0	0	0	0	0	0	0
OTU_291	0	0	0	0	0	0	0	0	0	0	3308	0	0	0	0	0	0	0	0	0	0	0	0	0	0	0	0	0	0	0	0	0	0	1	0	0	0	0	0	0	0	0
OTU_292	0	0	0	352	0	0	5	0	0	0	0	0	0	0	0	0	0	0	0	0	0	0	0	0	0	0	0	0	0	0	0	1255	174	126	0	0	0	0	0	0	0	0
OTU_293	0	0	0	0	0	0	0	4	9	0	159	0	0	0	0	0	0	0	0	0	0	0	0	0	0	0	0	0	0	0	2161	20	0	135	0	0	0	0	0	0	3	0
OTU_294	0	0	178	0	0	0	0	0	10	80	0	0	0	0	0	0	0	0	0	0	0	0	0	0	0	0	0	0	70	0	1127	0	1	0	0	1	0	0	0	0	0	0
OTU_295	0	0	0	0	0	0	0	27	0	3	0	0	0	0	0	0	0	0	0	0	0	0	0	0	0	74	0	0	0	0	0	0	0	0	0	0	0	0	0	0	0	0
OTU_296	0	0	0	0	0	0	0	4	4	0	81	0	0	0	0	0	0	0	0	0	0	0	0	0	0	0	0	0	0	0	4	0	0	2	0	0	0	0	0	0	0	0
OTU_297	19645	0	4	2	0	2935	8	10968	1	1	0	0	0	0	0	0	0	0	0	0	0	4	3	0	4166	83	0	0	2	0	2	0	0	0	0	0	0	0	0	3102	5	3
OTU_298	0	0	1	0	0	0	2866	0	1	0	1877	0	0	0	0	0	0	0	0	0	0	0	0	0	0	0	0	0	0	1	598	11383	7769	2	0	0	2	0	0	0	0	0
OTU_299	0	1	0	1	5204	14	0	0	0	1	0	1	107	24	219	0	23	0	2393	130	166	0	0	0	0	0	0	0	0	4376	0	1	0	0	60	4073	1	154	33	0	0	0
OTU_3	2	2	1	35	0	0	2	2	2	0	2	12	0	1	3	8	9	2	1	3	0	0	1	0	0	1	0	2	0	0	3	1	1	6	6	0	3	2	0	0	0	0
OTU_30	0	0	0	0	0	0	0	0	0	0	0	0	0	0	0	0	0	0	0	0	0	0	0	0	10	0	49	0	180	0	0	0	0	0	0	0	0	0	0	29	0	0
OTU_300	0	0	0	0	0	0	0	0	0	0	0	2	0	0	0	0	1	0	1	0	0	0	0	0	0	0	0	0	0	0	1	1	0	1	0	0	0	0	14570	1	1	0
OTU_301	0	0	0	0	0	0	0	0	0	0	7718	0	0	0	0	0	0	0	0	0	0	0	0	0	0	0	655	0	0	0	0	0	0	1	0	0	0	0	0	0	0	0
OTU_302	0	0	0	0	0	0	9861	0	0	0	0	0	0	0	0	0	0	0	0	0	0	0	0	0	0	0	0	0	0	0	0	0	0	0	0	0	0	0	0	0	0	0
OTU_303	0	0	0	0	0	0	0	0	0	0	0	0	0	0	391	0	0	0	0	0	0	0	0	0	0	0	0	0	0	0	0	0	0	6	0	0	267	0	5421	0	0	0
OTU_304	7	2440	0	1	0	0	0	0	0	0	0	0	0	0	0	0	0	0	0	0	0	0	0	829	0	0	0	0	0	0	0	0	0	0	0	0	0	0	0	0	0	0
OTU_305	0	0	0	0	0	0	0	0	0	0	33	0	0	0	0	0	0	0	0	0	0	0	0	0	0	0	0	0	0	0	1	2584	1	8137	0	0	0	0	0	0	0	0
OTU_306	0	0	0	0	0	0	6	0	597	0	3155	0	0	0	0	0	0	0	0	0	0	0	0	0	0	0	0	0	0	0	0	0	0	2	0	0	0	0	5	0	0	0
OTU_307	0	0	0	0	0	0	0	0	0	0	0	0	1776	0	0	0	11	2	0	0	0	0	0	0	0	0	0	2	0	0	0	0	0	0	0	0	0	0	1	0	0	0
OTU_308	0	0	0	0	0	0	0	0	0	0	0	0	0	0	0	0	0	0	0	0	0	0	0	0	0	0	0	0	0	0	1738	0	0	0	0	0	1	0	0	0	0	0
OTU_309	0	0	0	0	0	0	0	0	0	0	0	0	0	0	0	0	0	0	0	0	0	0	0	0	0	0	0	0	0	0	0	0	0	798	0	0	0	0	0	0	0	0
OTU_31	0	0	0	0	0	0	0	0	0	0	0	0	0	0	0	0	0	0	0	0	0	0	0	0	0	0	0	0	0	0	0	0	0	0	0	0	0	30	1	0	31	0
OTU_310	0	0	0	0	0	0	0	0	0	0	0	0	0	0	0	0	0	0	0	234	0	0	0	0	0	0	0	0	0	0	0	0	0	0	0	0	0	115	0	0	0	0
OTU_311	0	0	0	0	0	0	4	0	0	0	0	0	0	0	0	0	0	0	0	0	0	0	0	0	0	0	0	0	0	0	0	0	361	0	0	0	0	0	0	0	0	0
OTU_312	0	0	0	0	0	0	0	0	0	4	196	0	0	0	0	0	0	0	0	0	0	0	0	0	0	0	0	0	0	0	0	0	0	1	0	0	0	0	3	0	0	0
OTU_313	75	597	1	1	0	0	0	0	0	0	0	6	0	0	0	0	0	0	0	0	0	0	8	49	8	27	133	1336	0	0	0	0	0	0	0	0	0	0	0	0	0	0
OTU_314	0	0	0	0	0	0	32	0	0	0	0	0	0	0	0	0	0	0	0	0	0	0	0	0	0	0	0	0	0	0	0	0	0	0	0	0	0	0	0	0	0	0
OTU_315	0	0	0	0	0	0	30	0	0	0	9	0	0	0	0	0	0	0	0	0	0	0	0	0	0	0	0	0	0	0	0	0	0	0	0	0	0	0	0	0	0	0
OTU_316	0	0	0	0	0	0	0	0	0	0	0	0	0	0	0	0	0	0	0	0	0	0	0	0	0	0	0	0	0	0	0	0	0	322	0	0	0	0	0	0	0	0
OTU_317	0	0	0	0	0	0	0	0	0	0	0	6	0	0	0	10	0	3	0	0	0	0	0	0	0	0	0	0	0	0	0	0	0	0	0	0	0	0	0	0	0	0
OTU_318	0	0	0	0	0	0	0	0	0	0	20	0	0	0	0	0	0	0	0	0	0	0	0	0	0	0	0	0	0	0	0	0	0	0	0	0	0	0	0	0	0	0
OTU_319	0	0	0	0	0	0	0	0	0	0	12	0	0	0	0	0	0	0	0	0	0	0	0	0	0	0	0	0	0	0	0	0	0	0	0	0	0	0	0	0	0	0
OTU_32	0	0	1	0	0	0	0	0	0	0	0	0	0	0	0	0	0	0	0	0	0	0	0	0	0	0	0	256	36	0	0	1	0	4	0	0	0	0	0	0	0	3
OTU_321	0	0	0	1	0	0	0	0	0	0	7	0	0	0	0	0	0	0	0	0	0	0	0	0	0	0	0	0	0	0	0	5	0	0	0	0	0	0	0	0	0	0
OTU_322	0	0	0	0	0	0	0	0	0	0	0	0	0	0	0	0	0	0	0	0	0	0	0	0	0	0	0	0	0	4	0	0	0	0	0	0	24	0	0	0	0	0
OTU_324	0	0	0	0	0	0	0	0	0	0	0	0	0	0	0	0	0	0	0	0	0	0	0	0	0	0	0	0	0	0	10	0	0	0	0	0	0	0	0	0	0	0
OTU_325	0	0	0	0	0	0	0	0	0	0	0	0	0	0	0	0	0	0	0	0	0	0	0	0	0	0	0	0	0	0	3	33	0	0	0	0	0	0	0	0	0	0
OTU_326	0	0	0	0	0	0	0	0	0	0	0	0	0	0	0	0	0	0	0	0	0	0	0	0	0	0	0	0	0	0	0	8	0	22	0	0	0	0	0	0	0	0
OTU_327	0	0	0	0	0	0	0	0	0	0	0	0	0	0	0	0	0	0	0	0	0	0	0	0	0	0	0	0	0	0	0	0	0	0	0	0	0	0	7	0	0	0
OTU_328	0	0	0	0	0	0	0	0	0	0	0	7	0	0	0	0	0	0	0	0	0	0	0	0	0	0	0	0	0	0	0	0	0	0	0	0	0	0	0	0	0	0
OTU_329	0	0	0	0	0	0	0	0	0	0	0	31	1	73	0	0	14	2	15	4	6	5	25	0	0	0	0	2	0	0	0	0	0	0	28	57	71	3	47	0	0	7
OTU_33	0	0	0	0	0	0	0	0	0	0	0	0	0	0	0	0	0	0	0	0	0	0	0	0	0	0	0	0	0	0	0	0	0	0	0	226	0	0	0	0	0	0
OTU_330	4	2	6	4	1	0	15	1	1	1	0	6	0	1	0	0	5	21	0	1	0	0	0	14	17	0	6	14	31	0	0	1	1	6	14	0	44	4	0	1	0	0
OTU_331	0	1	0	0	0	0	1	0	0	0	0	0	0	2	0	0	0	1	0	0	0	0	2	0	0	2	0	0	0	1	0	0	0	2	0	0	0	0	0	0	0	2
OTU_332	2	0	0	0	0	0	0	0	0	0	0	1	0	0	0	0	0	0	0	0	0	0	0	0	11	0	0	0	0	1	0	0	0	0	0	0	0	0	0	0	0	0
OTU_333	0	0	0	0	0	0	0	0	0	0	0	0	0	0	3	3	0	0	0	0	0	0	0	0	0	0	0	0	0	0	0	0	0	0	0	0	0	0	0	0	0	0
OTU_334	0	0	0	0	0	0	0	0	0	0	0	0	0	0	0	0	0	0	0	0	0	0	0	0	0	0	0	0	0	0	0	0	0	0	0	0	12	0	0	0	0	0
OTU_335	0	1	0	0	1	0	0	0	0	0	0	0	0	0	5280	0	1	1	1030	867	1	3523	25451	0	1	0	0	9663	3	1	1	934	0	5	0	250	1784	642	35	1712	1859	33214
OTU_336	0	0	0	1	0	0	0	0	0	0	0	22341	0	79	0	0	0	0	0	0	0	0	0	0	0	0	0	0	0	0	0	0	0	0	0	0	638	0	1792	1	0	0
OTU_337	0	0	0	0	0	0	0	0	0	0	0	0	0	0	0	5193	3	0	0	0	0	0	0	0	0	0	0	0	0	0	0	0	0	0	1	0	0	0	0	0	0	0
OTU_338	0	0	0	0	0	0	0	0	0	0	0	0	519	439	414	0	0	290	790	1465	979	684	0	0	0	0	0	0	0	0	0	0	0	0	0	176	0	4697	115	140	1887	0
OTU_339	0	0	0	0	0	0	0	0	0	0	0	0	0	0	0	0	0	0	0	0	0	0	0	0	0	0	0	75	0	0	0	4	0	0	0	15	0	0	0	13	0	89
OTU_34	0	0	0	0	0	0	0	0	0	0	0	0	0	0	0	0	0	22	0	2	0	11	0	0	0	0	0	0	0	0	0	0	0	0	0	0	17	0	0	0	29	0
OTU_340	0	0	0	0	0	0	0	0	0	0	0	0	0	0	0	0	0	0	0	0	0	0	0	0	0	0	0	0	0	0	0	0	0	0	0	0	0	14	0	0	0	0
OTU_341	0	0	0	0	0	0	0	0	0	0	0	0	0	0	0	0	0	0	0	0	0	0	0	0	0	0	0	0	0	0	0	0	0	0	0	0	0	0	0	0	0	10
OTU_342	0	0	0	0	0	0	0	0	0	0	0	0	0	0	0	0	0	0	0	0	0	0	0	0	0	0	0	0	0	0	0	0	0	0	0	0	0	7	0	0	0	0
OTU_343	0	2	12070	1	2	4	0	0	0	0	0	9	3	8082	2722	3124	4	22386	0	721	1398	1	8	0	0	0	0	0	1778	6	0	0	2	1	21	6	5088	598	2	436	1	0
OTU_344	0	0	0	0	0	0	0	0	0	0	0	0	0	0	1955	0	0	0	0	0	0	0	0	0	0	0	0	0	0	0	0	0	0	0	0	0	0	0	0	0	0	0
OTU_345	0	0	0	0	0	0	0	0	0	0	0	981	16	30	62	32	251	314	293	2	16	960	230	0	0	0	0	0	0	0	0	0	0	0	134	117	7	0	3	4	194	150
OTU_346	0	0	0	0	0	0	0	0	0	0	0	61	1	269	18	0	10	112	0	1	0	0	0	0	0	0	0	0	0	0	0	0	0	0	14	0	0	0	0	7	0	0
OTU_347	0	0	0	0	0	0	0	0	0	0	0	0	0	0	0	0	0	0	0	0	0	0	0	0	2	0	0	0	0	0	0	0	0	0	0	0	0	0	0	422	114	1
OTU_348	0	0	0	0	0	0	0	0	0	0	0	0	1	269	0	0	0	0	0	89	0	0	0	0	0	0	0	0	0	0	0	0	0	0	0	0	0	77	0	0	0	0
OTU_349	0	0	0	0	0	0	0	0	0	0	0	201	2	0	0	0	0	33	0	5	0	0	0	0	0	0	0	0	0	0	0	0	0	0	0	0	13	10	0	0	0	0
OTU_35	0	0	0	0	0	0	0	0	0	0	0	47	0	0	0	0	0	0	0	0	0	11	3	0	0	0	0	0	0	0	0	0	0	0	0	0	0	0	0	0	0	2
OTU_350	0	0	0	0	0	4	0	0	0	0	0	0	0	0	0	0	0	0	0	0	0	0	0	0	0	0	0	0	0	0	0	0	0	0	0	0	0	0	0	0	0	0
OTU_351	11	0	0	87	0	0	0	0	0	0	0	0	0	0	0	0	0	0	0	0	0	0	0	0	0	0	48	0	0	0	0	0	0	0	0	0	0	0	0	0	0	0
OTU_352	0	0	212	0	0	0	0	0	0	0	0	0	0	0	0	0	0	0	0	0	0	0	0	0	0	0	0	0	36	0	0	0	0	0	0	0	0	0	0	0	0	0
OTU_353	0	0	0	0	0	0	6	0	0	0	7	0	0	0	0	0	0	0	0	0	0	0	0	0	0	0	0	0	0	0	170	2	0	0	0	0	0	0	0	0	0	0
OTU_354	0	0	0	16	0	0	20	11	18	40	4	0	2	3	2	0	1	0	7	0	0	0	2	0	0	0	0	0	3	0	52	38	6	1	0	0	0	0	6	0	0	0
OTU_355	0	0	0	0	0	0	0	0	0	89	0	0	0	0	0	0	0	0	0	0	0	0	0	0	0	0	0	0	0	0	0	0	0	0	0	0	0	0	0	0	0	0
OTU_356	0	0	0	0	0	0	0	0	0	0	0	0	0	0	0	0	0	0	0	0	0	0	0	0	0	0	0	6	2	0	0	0	0	0	0	0	0	0	0	13	0	0
OTU_357	0	0	0	0	0	0	0	0	0	0	0	47	0	0	0	0	0	0	0	0	0	0	0	0	0	0	0	0	0	0	0	0	0	0	0	0	0	0	0	0	0	0
OTU_358	0	0	0	0	0	0	0	0	0	0	0	0	0	0	0	0	0	0	0	0	0	0	0	0	0	0	0	0	0	0	0	0	60	3	0	0	0	0	0	0	0	0
OTU_359	0	0	0	0	0	0	0	0	0	0	0	0	0	0	0	0	0	0	0	0	0	0	0	0	0	0	0	0	0	0	0	18	0	0	0	0	0	0	0	0	0	0
OTU_36	0	0	0	6	0	0	0	0	0	0	0	26	0	0	0	0	0	0	0	0	0	0	0	0	0	0	0	0	0	0	0	0	0	0	0	0	0	0	0	0	0	0
OTU_360	0	0	0	0	0	0	0	0	0	0	0	0	0	0	0	0	0	0	0	0	0	0	0	0	0	0	0	0	1	0	0	0	0	0	0	0	0	0	0	0	0	0
OTU_361	0	0	0	0	0	0	0	0	0	0	0	0	5	1	0	0	0	16	0	19	0	0	0	0	0	0	0	0	0	0	0	0	0	0	0	0	0	87	0	0	0	0
OTU_362	0	0	0	0	0	0	0	0	0	0	0	0	0	0	0	0	0	0	0	0	0	0	0	0	0	0	0	0	0	0	0	0	19	0	0	0	0	0	0	0	0	0
OTU_363	12	0	0	1	0	0	0	0	0	0	0	0	17	359	0	0	0	0	0	2	0	2	14790	0	1	551	1	0	0	0	0	1	0	0	0	0	0	0	60	9779	36	6127
OTU_364	0	0	3	0	0	92	0	0	0	0	0	10	51	1	2	0	51	174	0	1650	1	3460	9	0	0	3	0	0	0	0	0	0	0	0	28	0	7	82	38	29	751	10
OTU_365	0	0	1837	0	0	0	0	0	0	0	0	0	0	115	80	23	235	48	0	0	0	7	244	0	0	305	0	0	367	0	0	0	0	0	141	0	438	0	133	104	1	128
OTU_366	0	0	0	0	0	0	66	0	0	532	0	0	0	0	0	0	0	0	0	0	0	0	0	0	0	0	7	0	0	0	0	14	62	4307	0	0	0	0	0	0	0	0
OTU_367	0	0	0	0	0	0	0	0	0	0	0	0	0	0	0	0	0	0	0	0	0	0	0	0	0	0	122	0	0	0	0	0	0	0	0	0	0	0	0	0	0	0
OTU_368	45	4	0	0	0	0	27	0	6	0	83	0	0	0	0	0	0	0	0	0	0	0	0	3	179	0	0	0	0	0	0	0	0	25	0	0	0	0	0	0	0	0
OTU_369	0	0	0	0	0	0	0	0	0	0	0	0	34	0	0	8	51	17	0	0	0	0	0	0	0	0	0	0	0	0	0	0	0	0	57	1	0	0	0	0	0	0
OTU_37	0	0	0	0	0	0	0	0	0	0	0	0	0	0	0	0	0	0	0	0	0	0	0	0	0	0	0	0	0	0	0	0	0	0	0	0	50	0	0	0	0	0
OTU_371	0	0	0	0	0	0	0	0	0	0	0	0	0	0	0	0	0	0	0	0	0	0	0	0	0	0	0	0	0	0	0	0	0	0	0	0	1	0	0	0	0	0
OTU_372	0	0	0	0	0	0	0	0	0	0	0	0	0	0	0	0	0	0	0	0	0	0	0	0	0	0	0	0	0	0	0	0	0	0	0	0	194	0	0	0	0	0
OTU_373	0	1	0	0	1	0	0	0	0	0	0	0	0	0	0	0	0	0	0	0	0	0	0	0	0	0	0	0	0	3	0	0	0	0	0	1	0	0	0	0	0	0
OTU_374	0	0	0	0	0	0	0	0	0	0	0	0	11	694	2	0	0	369	2067	654	0	0	0	0	0	0	0	0	0	0	0	1	0	0	0	1613	1890	2942	4	0	0	0
OTU_375	0	0	0	0	0	0	0	0	0	0	0	0	0	0	0	0	0	0	0	7	0	0	0	0	0	0	0	0	0	0	0	0	0	0	0	0	0	8	0	0	0	0
OTU_376	0	0	0	0	0	0	0	0	0	0	8	0	0	0	0	0	0	0	0	0	0	0	0	0	0	0	0	0	0	0	0	1	0	4	0	0	0	0	0	0	0	0
OTU_377	0	0	0	138	0	0	0	0	15	36	0	0	0	0	0	0	0	0	0	0	0	0	0	0	0	0	0	0	0	0	0	17	0	11	0	0	0	0	0	0	0	0
OTU_378	1	0	0	2	3	4	3	1	0	1	1	4	6	0	4	1	1	0	0	0	1	0	8	0	0	0	1	0	0	0	0	0	0	0	0	0	0	0	0	0	0	0
OTU_379	0	0	0	0	0	0	0	0	0	0	0	0	0	0	0	0	0	0	0	0	0	0	4	0	0	0	0	0	0	0	0	0	0	0	0	0	0	0	0	0	0	0
OTU_38	0	0	0	0	0	0	0	0	0	0	0	0	0	0	0	0	0	0	0	0	0	0	0	0	0	0	0	0	0	0	0	0	0	0	0	0	0	0	20	0	0	0
OTU_380	0	0	0	0	0	0	0	0	0	0	0	0	0	0	0	0	0	0	0	0	0	0	1	0	0	0	0	0	0	0	0	0	0	0	0	0	0	0	0	0	0	0
OTU_381	1	0	0	0	0	0	0	0	0	0	0	0	0	0	0	0	0	0	0	0	0	0	0	0	2	0	0	0	0	0	0	0	0	0	0	0	0	0	0	37	0	0
OTU_382	0	0	0	0	0	0	0	0	0	1	1	0	0	0	0	0	0	0	0	0	0	2	0	0	0	0	0	0	0	0	0	2	0	0	0	0	0	0	0	0	2	4
OTU_383	0	0	0	0	0	0	0	0	0	0	0	0	0	0	0	0	0	1	0	0	0	0	0	0	0	0	0	0	1	0	0	0	0	0	0	0	0	0	0	0	0	0
OTU_384	0	0	3	0	0	0	0	0	0	0	0	0	0	0	0	0	0	9	0	0	0	64	0	0	0	0	0	0	4	0	0	0	0	0	0	0	0	0	0	5	130	0
OTU_385	0	0	1760	0	0	0	0	0	0	0	0	0	0	1	0	0	1	0	0	2	3	0	0	0	0	0	0	1	6013	0	0	0	0	0	110	0	1	16	5	0	0	0
OTU_386	118	0	2	36	0	8	0	0	0	0	0	7	0	0	0	0	0	0	0	0	0	0	0	0	119	10	11	1988	6	9	0	0	0	0	13	0	0	0	4	49	0	0
OTU_387	0	368	0	0	0	0	0	530	0	0	18	0	7	0	0	0	0	0	0	2628	0	5	0	337	0	0	0	0	0	0	0	0	0	0	0	3	60	7041	0	0	30	0
OTU_388	0	0	0	22	0	0	0	0	0	0	0	0	0	0	0	0	0	0	0	0	0	0	0	0	0	35	3650	5	0	0	0	0	0	0	0	0	0	0	0	2	0	0
OTU_389	0	0	0	0	12	50	0	0	0	1	0	302	0	2	11	3	0	195	123	5	3	1	0	0	0	0	0	0	0	21	0	0	0	0	0	264	786	11	0	0	4	0
OTU_39	0	0	0	0	0	0	0	0	0	0	0	0	0	0	0	0	0	0	0	0	0	0	0	0	0	0	0	0	0	0	0	0	0	0	0	0	0	38	0	0	0	0
OTU_390	0	0	0	0	0	0	0	0	0	0	0	0	0	0	0	0	0	0	0	0	0	3	0	0	0	0	0	769	0	0	0	0	0	0	18	0	0	0	0	0	3	0
OTU_391	1	0	7	0	0	0	0	0	0	0	0	0	0	0	0	0	0	0	0	0	0	0	0	0	2	238	0	0	15	1	1	0	0	0	0	0	0	0	0	0	0	0
OTU_392	0	0	165	0	0	0	0	0	0	0	0	0	0	0	0	0	0	0	0	0	0	0	0	0	0	0	0	0	383	0	0	0	0	0	0	0	17	0	0	0	0	0
OTU_393	0	0	5	0	0	0	0	0	0	0	0	0	0	0	0	0	0	0	0	0	0	1	0	0	0	14	0	0	3	0	0	0	0	0	0	0	0	0	0	126	0	0
OTU_394	0	29	0	0	0	0	0	0	0	0	0	0	0	0	0	0	0	0	0	0	0	0	0	26	0	0	0	0	0	0	0	0	0	0	0	0	0	0	0	0	0	0
OTU_395	0	0	0	0	0	0	4	1	0	0	5	0	0	0	0	0	0	0	2	0	5	56	0	0	0	0	1	0	0	0	80	2	47	0	0	0	9	0	63	0	211	6
OTU_396	0	0	0	0	0	0	0	0	0	0	0	0	0	0	0	0	0	0	15	0	0	0	0	0	0	0	0	0	0	0	0	0	0	0	0	53	10	0	0	0	0	0
OTU_397	0	0	0	0	0	0	0	0	0	0	0	0	0	0	0	0	0	0	0	0	0	0	0	0	0	0	12	0	0	0	0	0	0	0	0	0	0	0	0	0	0	0
OTU_398	0	0	6	3	0	0	0	0	0	0	0	0	0	0	0	0	0	0	0	0	0	0	0	0	0	242	0	0	11	0	0	0	0	0	0	0	0	0	0	3	0	0
OTU_399	0	0	0	0	0	0	7	0	0	0	0	0	0	0	0	0	0	0	0	0	0	0	0	0	0	0	0	0	0	0	0	0	0	7	0	0	0	0	0	0	0	0
OTU_4	0	0	0	0	0	0	0	0	0	0	0	8	6	5	10	3	0	33	0	0	0	0	0	0	0	0	0	0	0	0	0	0	0	0	0	0	0	0	0	0	0	0
OTU_40	0	0	0	0	0	0	0	0	0	0	0	0	0	0	0	0	0	0	0	0	0	0	0	0	0	0	0	0	0	0	0	0	0	0	1	0	0	6	12	0	5	0
OTU_400	0	0	0	0	0	0	0	0	0	0	0	0	0	0	0	0	0	0	0	0	0	0	0	0	0	0	0	0	0	0	0	0	0	5	0	0	0	0	0	0	0	0
OTU_401	0	0	0	0	0	0	0	0	0	0	0	0	0	0	0	0	0	0	0	0	0	0	0	0	0	0	0	0	0	0	0	0	0	0	0	0	0	18	0	0	0	0
OTU_402	0	0	0	0	0	0	0	0	0	0	0	423	0	0	0	0	1	0	0	0	0	9	0	0	0	0	0	0	0	0	0	0	0	0	0	0	0	0	0	0	37	0
OTU_403	0	0	0	0	0	0	0	0	0	0	0	0	0	0	0	0	0	0	0	0	0	0	0	0	0	0	0	0	0	0	209	0	0	0	0	0	0	0	0	0	0	0
OTU_404	0	0	0	0	0	0	0	0	0	0	0	0	0	0	0	0	0	0	0	0	0	0	0	0	0	0	0	0	0	0	0	0	0	0	0	0	0	0	0	6	0	0
OTU_405	0	0	0	0	0	0	0	0	0	8	0	0	0	0	0	1	0	0	0	0	0	0	0	0	0	0	0	0	0	0	0	0	0	0	0	0	0	0	0	0	0	0
OTU_406	3	5	1	0	7	0	4	5	0	1	0	6	0	0	9	0	0	0	0	0	0	0	0	7	4	0	2	10	3	12	2	0	1	0	0	0	0	0	0	14	0	0
OTU_407	0	0	0	0	0	0	0	0	0	0	0	0	2	59	0	0	0	37	0	373	0	4	42	0	0	0	0	0	0	0	1	0	0	0	0	0	0	591	0	0	0	32
OTU_408	0	0	0	0	0	0	0	0	0	0	0	0	0	0	0	0	0	0	0	0	0	0	0	0	0	0	0	10	0	0	0	0	0	0	0	0	0	0	0	0	13	3
OTU_409	0	0	0	0	0	0	0	0	0	0	0	0	0	0	0	0	0	0	0	0	0	0	0	0	0	0	0	0	0	93	0	0	0	0	0	0	0	104	0	0	0	0
OTU_41	0	0	0	0	0	0	0	0	0	0	0	0	0	0	0	0	0	17	0	0	0	0	0	0	0	0	0	0	0	0	0	0	0	0	0	0	0	0	0	0	0	0
OTU_410	0	0	0	0	0	0	0	0	874	0	0	0	0	0	0	0	0	0	0	0	0	0	0	0	0	3	0	0	0	0	0	0	0	0	0	0	0	0	0	0	0	0
OTU_411	0	0	0	0	0	0	0	0	0	0	0	0	0	0	0	0	0	0	0	0	0	0	0	0	0	0	2	24	0	0	0	0	0	0	0	0	0	0	0	0	0	0
OTU_412	0	0	0	0	0	0	111	0	0	0	6	0	0	0	0	0	0	0	0	0	0	0	0	0	0	0	0	0	0	0	0	0	0	0	0	0	0	0	0	0	0	0
OTU_413	0	1	0	0	0	1	0	0	0	0	0	0	0	2	0	0	0	0	0	0	0	0	27	1	0	0	0	0	0	0	0	0	0	1	0	0	0	0	0	0	0	28
OTU_414	0	0	0	0	0	0	0	0	2	5	0	0	0	0	0	0	0	0	0	0	0	0	0	0	0	0	0	0	0	0	0	0	0	0	0	0	0	0	0	0	0	0
OTU_415	0	0	0	0	0	0	5	0	0	0	0	0	0	0	0	0	0	0	0	0	0	0	0	0	0	0	0	0	0	0	0	11	0	0	0	0	0	0	0	0	0	0
OTU_416	0	0	0	0	0	0	0	0	0	0	24	0	0	0	0	0	0	0	0	0	0	0	0	0	0	0	0	0	0	0	0	0	0	0	0	0	0	0	0	0	0	0
OTU_417	0	0	0	0	0	0	0	0	0	0	0	0	0	0	0	0	0	0	0	0	0	0	0	0	0	0	0	0	0	348	15	0	12	0	0	0	0	9	12	0	0	0
OTU_418	0	0	16	0	0	0	0	0	0	0	0	0	0	0	0	0	0	0	0	0	0	0	0	0	0	0	0	0	2	0	0	0	0	0	0	0	0	0	0	0	0	0
OTU_419	0	0	0	0	0	0	0	0	0	0	0	0	0	0	0	0	65	0	0	1	0	0	0	0	0	0	0	0	0	0	0	81	0	0	99	0	0	0	2	0	0	0
OTU_42	0	0	0	0	0	0	0	0	0	0	0	0	0	0	0	0	0	0	0	0	0	0	0	0	0	0	0	9	15	0	0	0	0	0	0	0	0	0	0	0	0	0
OTU_420	0	37	40	1	2	8	0	0	0	0	0	0	0	0	0	0	0	5	0	0	0	0	0	180	0	0	0	0	299	197	1	1	0	16	0	0	41	0	31	0	0	17
OTU_421	0	28	36	0	0	15	0	0	0	0	0	0	0	0	0	0	0	4	0	0	0	0	0	0	0	0	0	0	44	0	0	0	0	0	0	0	25	0	0	0	0	0
OTU_422	0	6	0	0	0	0	0	0	0	0	0	0	0	0	0	0	0	0	0	0	0	0	0	0	0	0	0	0	0	0	0	0	0	0	0	0	0	0	0	0	0	0
OTU_423	0	13	0	0	0	0	0	0	0	0	0	0	0	0	0	0	0	0	0	0	0	0	0	0	0	0	0	0	0	0	0	0	0	0	0	0	0	0	0	0	0	0
OTU_424	0	1	0	0	0	0	0	0	0	0	0	0	0	0	0	0	0	0	1	0	0	2	0	1	1	0	0	130	0	1	0	4	0	561	28	1266	511	959	1166	6	3561	201
OTU_425	0	0	0	0	0	0	0	0	0	0	0	0	0	0	0	0	0	0	0	0	0	0	0	0	0	0	0	0	0	0	0	0	0	0	0	0	0	0	0	0	6	0
OTU_426	3499	0	0	0	0	0	0	2	0	0	0	152	0	0	0	0	0	0	0	0	0	0	0	2	9890	0	0	0	0	0	0	0	0	0	0	0	0	0	0	0	0	0
OTU_427	1	0	0	0	0	0	1	0	0	0	0	1	0	0	0	1	0	87	0	0	0	0	0	0	0	0	0	0	0	0	0	0	0	0	0	8	0	0	13	4	0	0
OTU_428	0	0	0	0	0	0	0	0	0	0	0	0	0	0	0	0	0	0	0	0	0	0	0	0	0	0	0	0	0	0	0	0	0	0	0	0	691	0	0	0	0	0
OTU_429	0	0	0	0	0	6	6	0	17338	5369	11	0	0	0	0	0	0	0	1	0	0	0	0	0	0	0	0	0	0	1	21291	14	3	2010	0	1	0	0	0	0	1	2
OTU_43	0	0	0	0	0	0	0	0	0	0	0	0	0	0	0	1	0	0	0	0	0	0	0	0	0	0	0	0	0	0	5	0	0	0	0	0	0	2	0	5	0	0
OTU_430	1	0	0	5	0	0	0	0	92	0	564	1	0	3	0	0	0	0	0	0	0	0	0	0	0	0	0	0	0	0	0	0	0	3	0	0	0	0	0	0	8	0
OTU_431	0	16	0	0	0	2	3	22	6	2	44	0	0	0	0	0	0	0	0	0	0	0	0	0	0	0	10	3	0	0	0	0	0	0	0	0	0	0	0	0	0	0
OTU_432	0	0	0	0	0	0	0	0	0	0	11	0	0	0	0	0	0	0	0	0	0	0	0	0	0	0	0	0	0	0	0	0	0	0	0	0	0	0	0	0	0	0
OTU_433	0	0	0	0	0	0	0	0	0	0	0	0	0	0	0	0	0	0	0	0	0	0	0	0	0	0	0	0	0	0	3	6	0	11	0	0	0	0	0	0	0	0
OTU_434	3	7	0	30	0	0	0	5	0	0	0	0	0	0	1	0	0	0	0	0	0	0	0	2	12	3	0	35	0	0	0	1	0	0	0	0	0	0	0	0	0	0
OTU_435	0	0	0	0	0	0	0	0	0	0	0	5	0	0	0	3	0	19	0	0	0	0	0	0	0	0	0	0	0	0	0	0	0	0	0	0	0	0	0	0	0	0
OTU_436	0	0	0	17	0	0	0	0	0	0	0	0	0	0	0	0	0	0	0	0	0	0	0	0	0	0	0	0	0	0	0	0	0	0	0	0	0	0	0	0	0	0
OTU_437	0	0	5	0	5	4	0	0	0	0	0	0	0	0	0	0	0	0	0	0	0	0	0	0	0	0	0	0	13	9	0	0	0	0	0	0	0	0	0	0	0	0
OTU_438	0	0	0	0	0	0	0	0	0	0	0	0	0	0	0	0	0	0	12	0	0	0	2	0	0	0	0	0	0	0	0	0	0	0	0	0	0	0	0	0	0	0
OTU_439	0	6	0	0	0	0	0	0	0	0	0	0	0	0	0	0	0	0	0	0	0	0	0	0	0	0	0	0	0	0	0	0	0	0	0	0	0	0	0	0	0	0
OTU_44	0	0	0	0	0	0	0	0	0	0	0	1	0	0	0	7	0	1	0	0	0	0	0	0	0	0	0	0	0	0	0	0	0	0	0	0	0	0	0	0	0	0
OTU_440	0	0	0	0	0	2	86	0	0	0	0	35	1	1	0	0	1	15	0	17	0	0	0	1	83	3	0	0	4	1	0	0	0	0	0	0	49	47	234	0	0	0
OTU_441	0	0	0	0	0	0	0	0	0	0	0	0	0	0	0	0	0	0	0	0	0	0	0	0	0	0	0	0	0	0	0	0	0	0	0	0	3	0	0	0	0	0
OTU_442	9	3	1	12	0	0	16	121	17	121	47	0	0	0	0	0	2	0	0	3	0	0	12	0	1	8	0	0	0	0	0	1	3	1	0	0	0	0	14	0	0	0
OTU_443	3	0	0	0	0	1	0	0	0	0	0	0	0	0	0	0	0	0	0	0	0	0	0	32	343	0	0	0	0	0	0	0	0	0	0	0	0	0	0	0	0	0
OTU_444	0	0	0	0	0	0	0	0	0	0	0	0	0	0	0	0	0	0	0	0	0	0	0	0	0	0	0	0	0	0	0	0	0	0	0	0	0	0	4	0	0	0
OTU_445	0	0	0	0	0	0	0	0	0	0	0	0	0	0	0	0	0	0	0	0	0	0	0	0	0	0	0	0	0	0	0	0	0	0	0	0	38	0	0	0	0	0
OTU_446	0	0	0	0	0	0	0	0	0	0	0	0	2	0	0	131	1	0	0	0	0	0	0	0	0	0	0	0	0	0	0	0	0	0	0	0	0	0	0	0	0	0
OTU_447	0	0	0	0	0	0	0	0	0	0	22	0	0	0	0	0	0	0	0	0	0	0	0	0	0	0	0	0	0	0	0	0	0	0	0	0	0	0	0	0	0	0
OTU_448	0	0	0	0	0	0	0	0	0	0	0	0	0	0	0	0	0	0	0	0	0	0	0	0	0	0	0	0	0	0	36	0	0	0	0	0	0	0	0	0	0	0
OTU_449	0	2	0	53	0	0	0	0	0	0	0	0	0	0	0	0	0	0	0	0	0	0	0	0	0	0	0	0	0	0	0	0	0	0	0	0	0	0	0	0	0	0
OTU_45	0	0	0	0	0	0	0	0	0	0	0	0	0	0	0	0	0	7	0	0	0	0	0	0	0	0	0	0	0	0	0	0	0	0	0	0	0	0	0	0	0	0
OTU_450	0	0	0	0	0	7	0	0	0	0	0	0	0	0	0	0	0	0	0	0	0	0	0	0	0	0	0	0	0	0	0	0	0	0	0	0	0	0	0	0	0	0
OTU_451	0	0	0	0	0	0	0	0	0	0	0	0	0	0	0	0	0	0	0	0	0	0	0	1	0	0	0	0	0	0	0	0	0	0	0	0	0	0	0	2	0	0
OTU_452	8	1	0	15	7	0	0	10	4	6	4	0	2	1	0	0	0	0	0	0	0	0	17	3	3	5	0	7	0	1	0	0	0	0	0	0	0	0	0	0	0	0
OTU_453	0	0	0	0	0	0	0	0	0	0	0	0	0	0	0	0	0	0	0	0	0	0	0	0	2	0	0	0	2	0	0	0	0	0	0	0	218	0	0	0	0	6
OTU_454	0	0	0	0	0	0	0	0	0	0	0	0	0	0	0	0	0	21	0	0	0	0	14	0	0	0	0	0	0	0	0	0	0	0	2	0	0	0	0	0	0	19
OTU_455	0	0	1	0	1	0	0	0	1	29	0	6	0	1	3	0	0	2	0	4	0	0	1	0	0	1	0	0	1	0	0	0	0	0	0	0	1	10	0	15	0	0
OTU_456	3612	0	69	2199	0	1	0	0	0	0	0	3	0	0	0	0	0	0	0	0	0	0	0	0	1243	2	1174	2608	131	0	0	0	0	0	3	0	0	3	0	64	0	0
OTU_457	15	2	24	1181	0	0	0	0	0	0	1	0	0	0	0	0	16	0	0	0	0	5	0	25	7	839	1940	301	33	0	0	0	0	0	17	0	0	0	0	0	0	0
OTU_458	0	0	0	0	0	0	0	0	0	0	0	0	0	0	0	0	0	0	0	0	0	0	0	0	2	0	0	11	0	1	0	0	0	0	0	0	0	0	0	488	1	0
OTU_459	1	0	0	0	0	0	0	0	0	0	0	0	0	0	0	0	0	0	0	0	0	0	0	3	15	2	0	4	0	0	0	0	0	0	0	0	0	0	0	471	0	1
OTU_46	0	0	0	0	0	0	0	0	0	0	0	0	0	0	0	0	0	0	0	0	0	0	0	0	0	0	0	0	0	0	0	0	0	0	0	0	0	0	5	4	0	0
OTU_460	0	1	0	0	0	126	0	0	0	0	0	2	18	0	15	2	1	10	4	0	0	2	5	3	0	0	0	0	0	0	0	0	0	0	0	0	0	0	0	0	0	0
OTU_461	0	0	0	0	0	0	0	0	0	0	0	0	0	0	68	2	0	0	0	0	0	0	0	0	0	0	0	0	0	0	0	0	0	0	0	0	0	0	0	0	0	0
OTU_462	0	0	0	0	0	0	1	0	0	0	0	0	1	0	0	0	0	0	0	0	0	0	0	0	0	0	0	0	0	0	0	0	0	0	0	0	22	0	123	2	0	0
OTU_463	0	0	0	0	0	0	0	0	0	0	0	0	5	0	51	21	0	30	0	0	0	0	0	0	0	0	0	0	0	0	0	0	0	0	0	0	0	0	0	0	0	0
OTU_464	0	0	0	0	0	0	0	0	0	0	0	4	0	9	29	9	5	6	0	0	0	0	0	0	0	0	0	0	0	0	0	0	0	0	8	0	0	0	0	0	0	0
OTU_465	0	0	0	0	0	0	0	0	0	0	0	99	0	0	0	0	0	0	1	0	0	0	1	0	0	0	0	0	0	0	0	0	0	0	0	4	0	0	0	0	0	0
OTU_466	13	6	0	0	0	0	36	0	0	46	1	0	0	0	0	0	2	0	0	0	0	0	3	14	57	0	1	0	7	0	2	8	3	2	0	0	0	0	5	0	0	4
OTU_467	0	0	0	0	0	0	0	0	0	0	0	0	0	0	5	7	0	17	0	0	0	3	3	0	1	0	0	0	0	1	0	0	0	0	0	0	8	0	0	4	6	0
OTU_468	0	0	0	0	0	0	0	0	0	0	0	0	0	0	23	0	0	0	0	0	0	0	0	0	0	0	0	0	0	0	0	0	0	0	0	0	0	0	0	0	0	0
OTU_469	0	0	0	0	0	0	0	0	0	0	0	0	0	6	0	2	0	13	0	0	0	0	0	1	0	0	0	0	0	0	0	0	0	0	0	0	0	4	0	0	0	0
OTU_47	0	0	0	0	0	0	0	0	0	0	0	0	0	0	0	0	0	0	0	0	0	0	0	0	0	0	0	0	0	0	0	0	0	0	0	0	0	14	0	0	0	0
OTU_470	0	0	0	0	0	0	14	1	0	0	0	0	2	3	0	0	0	0	0	0	0	0	0	7	1	0	0	0	0	0	0	3	5	3	0	0	0	0	0	0	0	0
OTU_471	0	0	0	0	0	0	0	0	0	0	0	0	0	0	12	0	0	0	0	0	0	0	0	0	0	0	0	0	0	0	0	0	0	0	0	0	0	0	0	0	0	0
OTU_472	0	0	0	0	0	0	0	0	0	0	0	0	0	0	5	0	0	0	0	0	0	0	0	0	0	0	0	0	0	0	0	0	0	0	0	0	0	0	0	0	0	0
OTU_473	0	0	0	0	0	2	8	1	5	0	3	0	0	0	0	0	0	0	0	0	0	0	0	0	0	2	0	0	0	0	0	0	0	7	0	0	0	0	0	0	0	0
OTU_474	0	0	0	0	0	0	0	0	0	0	0	0	0	0	1	1	0	4	0	0	0	0	0	0	0	0	0	0	0	0	0	0	0	0	0	0	0	0	0	0	0	0
OTU_475	0	0	0	0	0	0	0	0	0	1	0	0	0	0	0	0	0	0	0	0	0	0	0	0	0	0	8	0	0	0	1	0	1	0	0	0	0	0	0	0	0	0
OTU_476	0	1	0	0	0	0	1	1	0	1	5	0	0	0	0	0	3	0	0	0	0	0	1	0	0	0	0	0	0	0	0	0	0	6	0	0	0	0	0	0	0	0
OTU_477	0	0	0	0	0	0	0	0	0	0	0	0	0	0	0	0	0	0	0	0	0	0	0	0	0	0	0	0	0	0	0	0	0	0	0	0	12	0	0	0	0	0
OTU_478	0	0	0	0	0	0	0	0	0	0	0	0	0	0	0	0	0	0	0	0	0	0	0	0	0	0	0	0	0	0	0	0	0	0	0	0	0	0	8	0	0	0
OTU_479	0	0	0	0	0	0	0	0	0	0	0	0	0	0	1	0	0	0	0	0	0	0	0	0	0	0	0	0	0	0	0	0	0	0	0	0	0	0	0	0	0	0
OTU_48	0	0	0	0	0	0	0	0	0	0	0	0	0	0	0	0	0	0	0	3	0	0	0	0	0	0	0	0	0	0	0	0	0	0	0	0	0	7	0	0	0	0
OTU_480	0	0	0	0	0	3	0	0	0	0	1	0	0	0	0	1	4	0	0	0	0	0	5	4	0	0	0	0	0	1	0	0	0	0	0	0	0	0	0	0	0	0
OTU_481	0	0	0	0	0	0	1	2	4	1	1	0	0	0	0	0	0	0	0	0	0	0	0	0	0	0	0	0	0	0	0	0	0	2	0	0	0	0	0	0	0	0
OTU_482	0	2	0	0	0	0	0	0	0	0	0	0	0	1	0	0	0	0	0	0	0	0	0	0	2	0	1	0	0	0	0	0	0	0	0	0	0	0	0	0	0	0
OTU_483	0	0	0	0	0	3	0	0	0	0	0	0	0	0	0	0	0	0	0	0	0	0	0	0	0	0	0	3	0	0	0	0	0	0	0	0	0	0	0	0	0	0
OTU_484	2	1	0	0	0	0	0	0	0	8	0	0	0	0	0	0	0	0	0	0	0	0	0	0	1	0	1	0	0	0	0	1	0	0	0	0	0	0	0	0	0	0
OTU_485	0	0	0	0	0	0	31	0	0	1	117	0	0	0	0	0	0	0	0	0	0	0	0	0	0	40	0	0	0	0	0	0	0	1275	0	0	0	0	0	0	1	0
OTU_486	0	0	0	0	0	0	25	0	0	1	4	1	0	0	0	0	0	99	0	0	0	0	0	4	76	0	0	0	0	3	0	1	0	0	0	0	0	0	0	0	0	0
OTU_487	0	0	0	0	0	0	0	0	0	0	0	0	0	0	0	0	0	0	0	0	0	0	0	1	0	0	0	0	0	0	2	40	0	0	0	0	0	0	0	0	0	0
OTU_488	0	0	0	0	0	415	0	0	0	0	0	0	0	0	0	0	0	0	0	0	0	0	0	0	0	0	0	0	0	0	0	0	0	0	0	0	0	0	0	0	0	0
OTU_489	0	0	14	0	46	48	0	0	0	0	0	0	0	0	0	0	0	0	0	0	0	0	0	0	0	0	0	0	6	26	0	0	0	0	0	0	0	0	0	0	0	0
OTU_49	0	0	0	0	0	0	0	0	0	6	0	0	0	0	0	0	0	0	0	0	0	0	0	0	0	0	0	0	0	0	0	0	0	0	0	0	0	0	0	0	0	0
OTU_490	0	0	0	0	0	0	0	168	0	0	0	0	0	0	0	0	0	0	0	0	0	0	0	0	0	1	12	0	0	0	0	0	0	0	0	0	0	0	0	0	0	0
OTU_491	0	0	0	0	0	0	0	0	0	0	0	0	0	0	0	0	0	0	0	0	0	0	132	0	0	0	0	0	0	4	0	0	0	0	0	0	0	0	0	1	1	428
OTU_492	11	0	0	0	0	0	0	0	0	0	0	0	0	0	0	0	8	0	0	0	0	0	0	0	82	0	0	0	0	0	0	0	0	0	18	0	0	0	0	0	0	0
OTU_493	0	0	0	0	0	0	0	15	0	0	0	0	0	0	0	0	0	0	0	0	0	0	0	0	0	0	0	0	0	0	0	0	0	181	0	0	0	0	0	0	0	0
OTU_494	0	0	0	0	0	0	0	0	0	0	0	2	0	0	11	0	0	1	0	0	0	0	0	0	0	0	0	0	0	0	0	0	0	0	0	0	0	0	0	0	0	0
OTU_495	0	0	0	0	0	0	0	0	0	0	0	0	0	0	0	0	0	0	0	0	0	0	0	0	0	0	0	0	0	0	0	0	0	13	0	0	0	0	0	0	0	0
OTU_496	0	0	0	0	0	0	0	0	0	0	0	3	0	0	0	0	0	581	0	3	0	23	0	0	8	2	0	0	0	3	0	0	1	0	0	1	0	0	5	0	245	0
OTU_497	0	0	0	0	0	0	0	0	0	0	0	0	31	0	0	0	0	2	6632	1	2565	5564	0	0	0	0	1	0	0	0	0	0	1	0	4	18909	6	3	4	7	8546	5
OTU_498	0	0	0	0	0	0	0	0	0	0	0	0	0	277	4	15	0	0	0	0	0	0	0	0	0	0	0	0	0	0	0	0	0	0	0	0	0	0	75	0	0	0
OTU_499	0	0	0	0	0	0	0	0	0	0	0	0	0	234	1	15	0	0	0	0	0	0	0	0	0	0	0	0	0	0	0	0	0	0	0	0	0	0	393	0	1	0
OTU_5	0	0	0	0	0	0	0	0	0	0	0	0	0	0	0	0	0	0	9	0	0	0	1	0	0	0	0	0	0	0	0	0	0	0	0	3	0	0	0	0	0	0
OTU_50	0	0	0	0	0	0	0	0	0	0	0	0	0	0	0	0	0	0	0	0	0	0	0	0	0	0	0	0	0	0	0	4	0	0	0	0	0	0	3	0	0	0
OTU_500	0	0	0	0	0	0	0	0	0	0	0	0	0	0	0	0	1	0	0	3	0	0	0	0	0	0	0	0	0	0	0	0	0	0	6	0	250	0	0	0	0	0
OTU_501	0	0	0	0	0	0	0	0	0	0	0	0	0	0	0	0	0	1	304	0	3	0	0	0	0	0	0	0	0	0	0	0	0	0	0	504	0	0	0	0	0	0
OTU_502	1	10	4	7	3	2	12	0	4	0	0	2	0	4	9	4	0	4	0	1	1	2	6	11	27	6	100	55	5	12	6	0	7	18	0	1	49	6	13	109	0	3
OTU_503	0	0	0	0	0	0	0	0	0	0	0	0	0	0	0	0	0	0	0	0	0	0	0	0	0	0	0	0	0	0	0	0	0	0	0	169	14	0	0	0	0	0
OTU_504	1	0	0	0	0	0	0	0	0	0	0	0	2	27	0	0	0	0	1	4	0	0	2	0	3	0	0	0	0	0	0	5	0	9	0	0	0	0	1	0	0	0
OTU_505	0	0	0	0	21	0	0	0	0	0	0	0	0	0	0	0	0	0	0	0	0	0	0	0	0	0	0	0	0	22	0	0	0	56	0	0	0	0	0	0	0	0
OTU_506	0	0	0	0	0	0	0	0	0	0	0	0	0	0	0	0	0	34	0	0	0	0	0	0	0	0	0	0	0	0	0	0	0	0	0	0	0	0	0	0	0	0
OTU_507	0	0	0	0	0	0	0	0	0	0	0	0	0	9	4	0	0	10	0	0	0	0	0	0	0	0	0	0	0	0	0	0	0	0	0	0	0	0	0	0	0	0
OTU_508	0	0	0	0	0	0	0	0	0	0	0	0	0	0	0	0	0	36	0	0	0	0	0	0	0	0	0	0	0	0	0	0	0	0	0	0	0	0	0	0	0	0
OTU_509	0	0	0	0	0	0	0	0	0	0	0	0	0	10	0	5	0	7	0	0	0	0	0	0	0	0	0	0	0	0	0	0	0	0	0	0	0	0	0	0	0	0
OTU_51	0	0	0	0	0	0	0	0	0	0	0	0	0	0	0	0	0	0	0	0	0	0	0	0	0	0	0	0	0	0	0	0	0	0	0	10	0	0	0	0	0	0
OTU_510	0	0	0	0	0	0	0	0	0	0	0	0	0	0	0	0	0	0	0	0	0	0	0	0	0	0	0	0	0	0	0	0	0	0	1	0	0	0	26	0	0	0
OTU_511	0	0	0	0	0	0	0	0	0	0	0	0	0	0	0	0	0	0	0	0	0	0	0	0	0	0	0	31	0	0	0	0	0	0	0	0	0	0	0	0	0	0
OTU_512	0	0	0	0	0	0	0	0	0	0	0	0	0	0	0	0	0	0	0	0	0	0	0	0	0	0	0	0	0	0	0	0	0	0	0	0	13	0	0	0	0	0
OTU_513	0	0	0	0	0	0	0	0	0	0	0	0	0	0	0	0	0	0	0	0	0	0	0	0	0	0	0	0	8	0	5	1	5	0	0	0	0	0	0	0	0	0
OTU_514	0	0	0	0	0	0	0	0	0	0	0	0	0	0	0	0	0	0	0	3	0	0	0	0	0	0	0	0	0	0	0	0	0	0	0	0	0	4	0	0	0	0
OTU_515	0	0	0	0	0	0	0	0	0	0	0	0	0	0	0	0	0	0	0	0	0	0	3	0	0	0	0	0	0	0	0	0	0	0	0	0	0	0	0	0	0	0
OTU_516	0	0	0	1	0	0	0	0	0	0	0	0	0	0	0	0	0	0	0	0	0	0	0	0	0	0	0	0	0	0	0	0	0	4	0	0	0	0	0	0	0	0
OTU_517	0	0	0	0	0	0	0	0	0	0	0	1	0	0	1	0	0	2	0	0	0	0	0	0	0	0	0	0	0	1	0	0	0	0	0	0	0	0	0	0	0	0
OTU_518	0	0	0	0	0	0	0	0	0	0	0	0	0	0	0	0	0	0	0	0	0	0	0	0	0	0	0	0	0	0	0	0	0	0	0	171	22	28	3	0	3	7
OTU_519	0	0	0	0	0	0	0	0	0	0	0	0	0	0	0	0	0	0	0	0	0	0	19	0	0	0	0	0	0	0	0	0	0	0	0	0	0	0	0	0	0	0
OTU_52	0	0	0	0	0	0	0	0	0	0	0	0	0	0	0	0	0	1	0	0	0	0	0	0	0	0	0	0	0	0	0	0	0	0	0	0	0	0	0	0	0	0
OTU_520	0	0	0	0	0	0	0	0	0	0	0	0	0	0	0	0	0	0	0	0	0	0	18	0	0	0	0	0	0	0	0	0	0	0	0	0	0	0	0	0	0	0
OTU_521	0	0	0	0	0	0	0	0	0	0	0	0	0	0	126	0	0	0	0	0	0	0	0	0	0	0	0	0	0	0	0	0	0	0	0	0	0	0	0	0	0	0
OTU_522	0	0	0	0	0	0	0	113	0	0	1	0	0	0	0	0	0	0	0	0	0	0	0	0	0	0	0	0	0	0	0	0	0	8	0	0	0	0	0	0	0	0
OTU_523	0	0	0	0	0	0	0	0	0	0	0	0	0	0	0	0	0	0	0	2	0	2	37	0	0	0	0	0	0	0	0	0	0	0	0	0	0	0	0	0	0	44
OTU_524	0	0	0	0	6	0	0	0	0	0	0	0	0	0	0	0	0	0	0	0	0	0	0	0	0	0	0	0	0	59	0	0	0	0	0	0	0	0	0	0	0	0
OTU_525	0	25106	7	10	4210	17330	0	1	0	0	0	465	494	0	0	0	1	0	3586	1	2	5581	3	11249	1	0	0	0	0	7841	4	3	0	2	0	1918	1	11	3	3	6464	2
OTU_526	0	0	0	18	1	0	12	7	0	0	249	0	0	0	0	0	0	0	0	0	0	0	0	0	0	2	2	0	0	1	9527	29	11193	172	2	0	0	0	0	0	11	8
OTU_527	0	0	0	0	0	212	0	2	1	0	0	0	28	0	4680	0	0	0	240	0	1263	1	1	0	0	0	1	0	0	0	0	0	1	0	0	73	0	0	339	0	0	0
OTU_528	2	0	1	0	0	0	1	119	0	6109	592	21	128	1130	1843	934	13	0	0	548	1663	8716	0	1	5	2	36	0	1	2	36	2107	6	2266	42	1	59	815	517	0	6187	2
OTU_529	6367	0	0	0	0	1	255	0	0	0	0	0	0	0	0	0	0	0	0	0	0	0	0	0	6885	0	0	22	0	0	0	0	0	0	0	0	0	0	0	0	0	0
OTU_53	0	0	0	0	0	0	0	0	0	0	0	0	0	0	0	0	0	0	0	0	0	0	0	0	0	0	0	0	0	0	0	0	0	0	0	0	0	0	3	2	0	0
OTU_530	0	0	1	0	2543	0	0	0	0	0	0	0	57	635	0	0	0	384	0	0	1235	35	0	0	0	1	0	0	0	6122	0	0	0	0	0	0	15	0	0	0	347	0
OTU_531	0	2	0	0	0	0	0	0	0	0	0	0	0	7	0	2	0	4772	0	0	0	0	0	0	0	0	0	0	0	0	0	0	0	0	1	0	1	0	0	0	0	0
OTU_532	0	0	0	1	0	0	0	9871	80	3957	1066	0	0	0	0	0	0	0	0	0	9	13	0	0	0	0	0	0	0	0	0	12	17	2	0	0	0	1	1	0	9	0
OTU_533	0	0	0	0	0	0	0	0	0	0	0	0	0	0	0	521	2	102	0	0	0	0	0	0	0	0	0	0	0	0	0	0	0	0	0	0	0	0	0	0	0	0
OTU_534	0	0	0	0	0	0	0	0	0	0	0	0	0	215	0	0	0	0	0	0	0	0	0	0	0	38	0	0	0	0	0	0	0	0	0	0	0	0	0	0	0	0
OTU_535	0	0	0	0	0	3	21	215	0	0	156	0	0	0	0	0	0	0	0	0	0	0	0	0	0	0	0	0	0	0	31	22	0	65	0	0	0	0	0	0	0	0
OTU_536	0	0	0	0	0	0	0	0	0	0	0	0	0	0	0	0	0	0	0	0	0	0	0	0	0	0	0	0	0	0	0	0	0	0	0	0	0	376	3	0	0	0
OTU_537	0	0	0	0	0	0	0	0	0	0	0	0	0	0	0	0	0	0	0	0	0	0	0	0	0	0	0	0	0	0	0	0	63	0	0	0	0	0	0	0	0	0
OTU_538	0	26	0	0	0	0	0	0	0	0	0	0	0	0	0	0	0	0	0	0	0	0	0	15	0	0	0	0	0	0	0	0	0	0	0	0	0	0	0	0	0	0
OTU_539	38	0	0	0	0	0	0	0	0	0	0	0	0	0	0	0	0	0	0	0	0	0	0	0	2	0	0	0	0	0	0	0	0	0	0	0	0	0	0	0	0	0
OTU_54	0	0	0	0	0	0	0	0	0	0	0	0	0	0	0	0	0	0	0	0	0	0	0	0	0	0	0	0	0	0	0	0	0	0	0	0	0	0	0	0	0	5
OTU_540	0	13	0	0	0	0	0	0	0	0	0	0	0	0	0	0	0	0	0	0	0	0	0	8	0	0	0	0	0	0	0	0	0	0	0	0	0	0	0	0	0	0
OTU_541	0	0	0	0	0	0	0	0	0	0	0	0	0	0	0	0	0	24	0	0	0	0	0	0	0	0	0	0	0	0	0	0	0	0	0	0	0	0	0	0	0	0
OTU_542	0	2	0	702	0	0	0	0	0	0	0	0	0	0	0	0	0	0	0	0	0	0	0	0	0	0	0	0	0	0	0	0	0	0	0	0	0	0	0	0	0	0
OTU_543	0	0	0	0	0	0	0	5	0	636	4	0	0	0	0	0	0	0	0	0	0	0	0	0	0	0	0	0	0	0	0	0	0	0	0	0	0	0	0	0	0	0
OTU_544	0	0	0	0	0	0	0	0	0	0	0	0	0	0	0	10	0	0	0	0	0	0	0	0	0	0	0	0	0	0	0	0	0	0	0	0	0	0	0	0	0	0
OTU_545	0	0	0	0	0	5	0	0	0	0	0	0	0	0	0	0	0	0	0	0	0	0	0	0	0	0	0	0	0	0	0	0	0	0	0	0	0	0	0	0	0	0
OTU_546	0	0	0	0	0	0	0	0	0	0	0	0	0	0	0	0	0	0	0	0	0	0	1	0	0	0	0	0	0	0	0	0	0	0	0	0	0	0	0	0	0	0
OTU_547	0	0	0	0	0	0	0	0	0	0	0	0	0	0	0	0	0	0	0	0	0	0	0	0	0	0	0	0	0	0	0	0	0	0	0	0	0	4	0	0	0	0
OTU_548	0	0	0	0	0	0	0	0	0	0	0	0	0	0	0	0	0	0	0	0	0	0	0	0	0	0	0	0	0	0	0	0	0	0	0	0	0	0	0	0	8	0
OTU_549	0	3588	4482	10	23652	3580	26	22	3	0	0	276	86	248	0	0	0	19	3199	30089	4339	7116	102	5507	0	535	9	0	1669	12141	2	4	0	982	1	988	5677	17165	5116	7	2527	37
OTU_55	0	0	0	0	0	0	2	0	0	3	0	0	0	0	0	0	0	0	0	0	0	0	0	0	0	0	0	0	0	0	0	0	0	0	0	0	0	0	0	0	0	0
OTU_550	0	0	0	0	0	5	0	0	0	0	0	0	0	0	0	0	0	0	0	16	0	0	0	0	0	3	0	753	0	0	0	0	84	0	0	0	0	6	0	0	0	0
OTU_551	0	0	0	0	0	0	0	0	0	0	0	0	0	0	0	0	0	0	0	0	0	0	0	1	0	2	0	0	0	0	0	0	0	0	0	0	0	8	0	0	0	0
OTU_552	3	9	34	32	16	0	7	0	0	0	0	2	0	0	0	0	0	0	0	0	0	0	21	0	7	0	0	0	3	6	1	7	0	0	0	0	0	0	0	0	0	0
OTU_553	2	0	0	53	0	0	2	4	2	0	9	0	0	0	0	0	0	0	0	0	0	0	0	0	5	0	0	0	0	0	0	0	0	0	0	0	0	0	0	0	0	0
OTU_554	0	0	0	0	0	0	18	0	65	0	0	0	0	0	0	0	0	0	0	0	0	0	0	0	0	0	0	0	0	0	0	0	0	0	0	0	0	0	0	0	0	0
OTU_555	0	0	0	0	0	1	0	0	0	0	0	1	8	1	1	2	0	2	0	0	0	1	0	0	0	0	0	0	0	0	0	0	0	0	0	0	0	0	0	5	0	10
OTU_556	0	0	0	0	0	0	0	0	0	0	0	0	0	0	0	0	0	4	0	0	0	0	0	0	0	0	0	0	0	0	0	0	0	0	0	0	0	0	0	0	0	0
OTU_557	0	0	0	1	0	0	6	0	1	0	2	0	0	0	0	0	0	0	0	0	0	0	0	0	0	0	0	0	0	0	0	0	0	0	0	0	0	0	0	0	0	0
OTU_558	0	0	0	0	1	0	0	0	0	0	0	0	0	0	0	0	0	0	0	0	0	0	0	0	0	0	0	0	0	4	0	0	0	0	0	0	0	0	0	0	0	0
OTU_559	0	0	0	0	0	0	0	0	0	0	0	0	0	0	0	0	0	0	0	0	0	0	0	0	0	0	0	0	0	0	0	0	0	0	0	0	0	14	0	0	0	0
OTU_56	0	0	0	0	0	0	0	0	0	0	0	0	1	0	1	0	0	0	0	0	2	0	0	0	0	0	0	0	0	0	0	0	0	0	9	0	1	2	0	0	0	0
OTU_560	0	0	1	0	0	0	0	0	0	0	0	0	0	0	0	0	0	0	0	1	0	0	0	0	0	0	0	6	13	0	0	0	0	0	0	0	2	4	0	0	0	1
OTU_561	0	17	7	187	0	0	0	1	0	0	0	0	0	0	0	0	0	0	0	0	0	0	0	7	0	7	39	23	2	0	0	0	0	1	0	0	0	0	0	0	0	0
OTU_562	0	0	1	4	0	0	3	0	1	6	0	0	0	0	0	0	0	4	0	0	0	0	0	0	11	0	0	7	34	1	2	1	2	9	0	2	2	0	14	23	0	0
OTU_563	0	0	0	0	0	0	0	0	30	0	0	0	0	0	0	0	0	0	0	0	0	0	0	0	0	0	0	0	0	0	0	0	0	0	0	0	0	0	0	0	0	0
OTU_564	0	0	0	0	0	0	0	0	0	0	0	0	0	0	0	0	0	2	0	0	0	0	0	0	0	0	0	0	0	0	0	0	0	0	0	0	0	0	0	18	0	0
OTU_565	0	0	0	0	0	0	0	0	0	0	0	0	0	5	0	0	0	1	0	0	0	0	0	0	0	0	0	0	0	0	0	0	0	0	0	0	0	0	0	0	0	0
OTU_566	0	0	0	0	0	78	0	0	0	0	0	0	0	0	32	16	2	0	0	0	0	0	2	0	0	0	0	0	0	0	0	0	0	0	0	0	0	0	0	0	0	0
OTU_567	0	0	0	0	0	0	0	0	0	0	104	0	0	0	0	0	0	0	0	0	0	0	0	0	0	0	0	0	0	0	0	0	0	0	0	0	0	0	0	0	0	0
OTU_568	0	0	1	0	0	0	0	0	0	0	0	0	0	0	8	0	0	0	0	0	0	0	0	0	0	0	0	0	0	0	0	0	0	0	0	0	0	0	0	0	0	0
OTU_569	0	1	0	0	0	0	0	0	0	0	0	0	0	0	0	0	0	4	0	0	0	3	0	0	0	0	0	0	0	0	0	0	0	0	0	0	0	0	0	0	0	0
OTU_57	0	0	0	0	0	0	0	0	0	0	0	0	0	0	0	0	0	0	0	0	0	0	0	0	0	0	0	0	0	0	0	0	0	0	0	0	0	0	0	7	0	0
OTU_570	0	0	0	0	0	0	0	0	0	0	0	0	0	0	0	1	0	0	0	0	0	0	3	0	0	0	0	0	0	1	0	0	0	0	0	0	10	0	0	0	0	0
OTU_571	0	0	0	0	0	0	0	0	0	0	0	0	0	0	0	0	0	0	0	0	0	0	0	0	0	0	0	0	0	0	0	1	1	0	0	0	0	0	0	137	0	0
OTU_572	0	0	0	0	16	312	165	76	62	161	68	0	0	0	0	0	20	0	8	0	0	0	1	10	35	8	35	0	0	30	82	62	67	60	26	7	0	0	0	0	0	8
OTU_573	0	0	0	0	0	0	0	0	0	0	0	0	0	0	0	0	0	0	0	0	0	0	0	0	0	0	0	0	0	0	0	0	0	0	0	0	0	0	0	180	0	0
OTU_574	0	120	0	0	0	0	0	0	0	0	0	0	0	0	0	0	0	0	0	0	0	0	0	78	0	0	0	0	0	0	0	0	0	0	0	0	0	0	0	0	0	0
OTU_575	0	0	0	0	0	0	0	0	0	0	0	0	0	0	0	0	0	0	0	0	0	0	0	0	322	4	0	75	0	0	0	0	0	0	0	0	0	0	0	0	0	0
OTU_576	1	0	5	3	0	0	0	0	0	0	0	0	0	0	0	0	0	0	0	0	0	0	0	0	6	0	122	6	6	0	0	0	0	0	0	0	0	0	0	0	0	0
OTU_577	3	0	0	0	0	0	18	0	2	2	2	0	0	0	0	0	0	0	0	0	0	0	2	0	5	0	0	0	0	0	0	0	0	0	0	0	0	0	0	0	0	26
OTU_578	0	0	0	0	2	0	1	4	0	2	2	13	0	0	7	1	0	0	0	0	0	0	0	5	1	0	0	0	0	6	5	0	0	0	0	0	0	0	5	0	0	0
OTU_579	0	0	0	0	0	0	0	5	11	0	2	0	0	0	0	0	0	0	0	0	0	0	0	0	0	0	0	0	0	0	0	0	0	0	0	0	0	0	0	0	0	0
OTU_58	0	0	0	0	0	0	0	0	0	0	0	0	0	0	0	0	0	4	0	0	0	0	0	0	0	0	0	0	0	0	0	0	0	0	0	0	0	0	0	0	0	0
OTU_580	0	0	0	0	0	0	0	0	0	0	0	0	0	0	0	0	0	0	0	0	0	0	0	0	0	0	0	0	0	0	1	0	12	3	0	0	0	0	0	0	0	0
OTU_581	0	0	0	6	0	0	0	0	0	0	0	0	0	0	0	0	0	0	0	0	0	0	2	0	0	0	0	0	0	0	0	0	0	0	0	0	0	0	0	0	0	0
OTU_582	0	0	0	0	0	0	0	0	0	3	0	0	0	0	0	0	0	0	0	0	0	0	0	0	0	0	0	0	0	0	0	15	0	0	0	0	0	0	0	0	0	0
OTU_583	0	0	0	0	0	0	0	0	0	0	0	0	0	0	0	0	0	0	0	0	0	0	0	0	0	0	0	0	0	0	0	0	0	0	0	0	0	0	0	0	0	11
OTU_584	3	0	0	0	0	0	0	0	0	0	0	0	0	0	0	0	0	0	0	0	0	0	0	0	0	0	0	0	0	0	0	0	0	0	0	0	0	0	0	0	0	0
OTU_585	0	0	0	0	0	0	0	0	0	5	0	0	0	0	0	0	0	0	0	0	0	0	0	0	0	0	0	0	0	0	0	0	0	0	0	0	0	0	0	0	0	0
OTU_587	0	82	0	2	173	6772	52	0	0	0	0	0	0	0	0	0	0	737	0	0	4	0	0	44	0	905	1142	0	0	751	3	1	1	0	0	0	68	1	21	227	9	0
OTU_588	0	0	0	0	0	0	0	0	0	0	0	323	0	0	651	0	1052	9	0	0	0	0	0	0	0	0	0	0	0	0	2	0	0	2	2028	1	0	0	0	0	0	0
OTU_589	0	0	1	0	0	0	0	0	0	0	0	0	0	0	1	0	1	0	0	0	0	0	0	0	0	0	0	1	0	0	0	0	0	0	0	0	0	0	0	0	0	0
OTU_59	0	0	0	0	0	0	0	0	0	0	0	0	0	0	0	0	0	0	0	0	0	0	0	0	0	0	0	0	0	0	0	0	0	0	2	0	0	0	0	0	0	0
OTU_590	0	0	0	0	0	0	0	0	0	12	0	0	0	0	0	0	0	0	0	0	0	0	0	0	0	0	0	0	0	0	0	3	0	0	0	0	0	0	0	0	0	0
OTU_591	0	0	0	0	0	0	0	0	0	0	0	0	0	0	0	0	0	0	0	0	0	0	0	0	0	0	39	0	0	0	0	0	0	0	0	0	0	0	0	0	0	0
OTU_592	66	77	15	129	0	22	24	49	3	72	200	0	3	0	0	5	0	0	0	1	4	35	0	0	2	230	0	0	0	0	1	20	346	45	0	0	0	0	732	0	0	0
OTU_593	14	0	19	33	0	0	10	0	0	0	0	0	0	0	0	0	0	0	0	0	0	0	0	0	14	1	27	780	12	0	8	0	8	0	0	0	0	0	0	0	0	0
OTU_594	0	0	0	0	0	0	0	0	0	0	0	0	1	21	151	0	0	17	5	6	0	0	7	0	0	0	0	0	0	0	0	0	0	0	0	0	0	1	0	0	0	6
OTU_595	30	0	0	0	0	0	0	0	0	0	0	0	2	0	0	0	1	0	2	0	0	0	21	1	29	1	0	16	0	0	0	0	0	0	6	12	130	0	23	10	3	28
OTU_596	0	0	0	0	0	0	0	0	1	0	1	0	0	0	0	0	0	0	0	0	0	0	0	0	0	0	6	93	0	0	6	3	12	5	0	0	0	0	0	0	0	0
OTU_597	0	0	0	0	0	0	0	0	0	0	0	0	0	0	0	0	0	0	0	0	0	0	0	1	57	1	0	6	0	0	1	0	2	0	0	0	0	0	0	0	0	0
OTU_598	0	0	0	0	0	0	0	0	0	0	0	0	0	0	0	0	0	0	0	0	0	0	0	1	3	1	1	72	0	0	8	11	5	13	0	0	5	0	0	0	0	0
OTU_599	0	0	0	0	0	0	0	0	0	0	0	1	0	0	0	0	0	0	0	0	0	0	0	0	0	0	0	0	0	0	0	0	0	0	0	0	22	0	0	0	0	0
OTU_6	0	0	0	0	0	0	0	0	0	10	0	0	0	0	0	0	0	0	0	0	0	0	0	0	0	0	0	0	0	0	0	0	0	0	0	0	0	0	0	0	0	0
OTU_60	0	0	0	0	0	0	0	0	0	0	0	0	0	0	0	0	0	0	0	0	0	1	0	0	0	0	0	0	0	0	0	0	0	0	59	93	1	174	0	7	0	6
OTU_600	1	0	1	0	0	0	0	0	0	0	0	0	0	0	0	0	0	1	0	0	0	0	0	0	0	0	0	0	0	1	0	0	0	0	0	0	0	0	0	0	0	0
OTU_601	0	0	0	0	0	0	0	0	0	0	0	0	0	0	0	0	0	932	0	0	0	0	0	0	0	0	0	0	0	0	0	0	0	0	0	0	0	0	0	0	0	0
OTU_602	0	0	627	0	0	0	5960	14	497	10402	7	0	0	4	0	0	1	0	0	0	0	4	0	0	6	0	1	0	206	1	149	243	122	221	0	0	0	0	0	0	0	0
OTU_603	473	0	4	24	1	0	0	0	0	0	0	3	0	0	0	0	0	0	0	0	0	2	0	0	546	4399	0	1	0	0	1	0	0	0	4	0	0	0	0	161	0	0
OTU_604	0	0	0	0	0	0	0	0	0	0	0	0	0	1	30	0	0	0	0	0	0	0	0	0	0	0	0	0	0	0	0	0	0	0	0	0	0	0	0	0	0	0
OTU_605	0	0	0	0	0	0	0	0	0	0	0	0	0	0	0	0	0	0	0	34	0	0	0	0	0	0	0	0	0	0	0	1	0	0	0	0	0	30	0	0	0	0
OTU_606	0	0	0	0	0	0	0	0	0	0	0	0	0	0	0	0	0	0	0	0	0	0	0	1	10	0	0	0	38	0	0	0	0	0	0	0	0	0	0	0	0	0
OTU_607	0	0	0	0	0	0	0	0	0	0	0	0	0	0	0	11	0	0	0	0	0	0	0	0	0	0	0	0	0	0	0	0	0	0	0	0	0	0	0	0	0	0
OTU_608	0	0	0	0	0	0	0	0	0	1	0	0	0	0	0	0	0	0	0	0	0	0	0	0	0	0	0	0	0	2	0	0	0	0	0	0	10	0	0	0	0	0
OTU_609	3	0	0	0	0	0	5	0	0	0	0	0	0	0	0	0	0	0	0	0	0	0	0	0	1	0	0	0	0	0	0	0	0	0	0	0	0	0	0	0	0	0
OTU_61	0	0	0	0	0	0	0	0	0	0	0	0	0	0	0	0	0	0	0	0	0	0	0	0	0	0	0	0	0	0	0	0	0	0	2	1	0	0	0	0	0	0
OTU_610	0	22	1	3	0	0	0	2	0	0	0	166	0	23	4	21	0	15	10	23	0	2	1	34	2	0	1	4	2	5	0	0	6	3	0	1	96	102	11	413	69	24
OTU_611	0	0	20	0	0	0	0	0	0	0	0	7	0	15	30	0	1	101	42	2	7	0	6	0	0	0	1	0	6	0	0	0	0	0	0	4	10	0	14	55	0	0
OTU_612	0	0	0	2	0	7	1	1	4	27	6	0	0	0	0	0	0	0	0	0	0	0	0	0	0	0	0	0	0	0	3	9	1	0	0	0	0	0	0	0	0	0
OTU_613	0	0	2	0	5	0	0	0	0	0	0	0	0	0	0	0	0	0	2	3	1	1	8	0	0	0	0	0	1	7	0	0	0	0	0	0	0	2	8	0	0	0
OTU_614	0	0	0	0	0	0	0	0	0	0	0	0	1	4	15	11	0	17	0	0	0	0	0	0	0	0	0	0	0	0	0	0	0	0	0	0	0	0	0	0	0	0
OTU_615	0	0	0	0	0	0	0	0	0	0	0	0	0	0	2	0	0	1	0	0	0	0	0	0	0	0	0	0	0	0	0	0	0	0	0	0	0	0	0	0	0	0
OTU_616	0	0	0	0	0	0	0	0	0	0	0	0	0	0	2	0	0	11	0	0	0	0	0	0	0	0	0	0	0	0	0	0	0	0	0	0	0	0	1	0	0	0
OTU_617	0	0	0	0	0	0	0	0	0	0	0	0	0	0	4	0	0	0	0	0	0	0	0	0	0	0	0	0	0	0	0	0	0	0	0	0	0	0	0	0	0	0
OTU_618	0	0	0	0	0	0	4	3	0	0	0	0	0	0	0	0	0	0	0	1	0	0	0	0	0	0	0	0	0	0	0	11	6	0	0	0	0	0	0	0	0	0
OTU_619	0	0	0	0	0	0	0	0	31	0	0	0	0	0	0	0	0	0	0	0	0	0	0	0	0	0	0	0	0	2	0	0	5	0	0	0	0	0	0	0	0	0
OTU_62	0	0	0	0	0	0	0	0	0	0	0	0	0	0	0	0	0	0	0	0	0	0	0	0	8	0	0	0	0	0	0	0	0	0	0	0	0	0	0	0	0	0
OTU_620	0	0	0	0	0	0	0	0	0	0	0	0	0	0	3	0	0	0	0	0	0	0	2	0	0	0	0	0	0	0	0	0	0	0	0	1	2459	0	0	0	0	1
OTU_621	0	0	0	0	0	0	0	0	0	0	0	0	0	0	0	0	32	0	0	0	0	0	0	0	0	0	0	0	0	0	0	0	0	0	22	0	0	0	0	0	0	0
OTU_622	0	0	0	0	0	0	0	0	0	0	0	0	0	0	0	0	0	0	0	0	0	0	0	0	0	0	29	0	0	0	0	0	0	0	0	0	0	0	0	0	12	0
OTU_623	3	3	0	0	0	0	0	0	0	0	0	0	0	0	0	0	0	0	0	0	1	0	3	0	0	1	0	2	0	0	0	0	0	0	0	0	0	0	0	0	0	0
OTU_624	0	0	0	0	2	0	0	0	0	0	0	6	0	0	1	0	0	1	0	0	0	0	0	1	0	0	0	0	2	3	0	0	0	2	0	0	0	0	0	0	0	0
OTU_625	76	0	5	8	0	0	0	0	0	0	0	0	0	0	0	0	0	0	0	0	0	4	0	0	21	438	0	577	2	0	0	0	0	0	0	0	0	0	0	295	0	0
OTU_626	0	0	0	0	0	0	0	0	0	0	0	0	0	0	0	0	0	0	0	0	0	0	0	0	0	0	0	0	0	0	0	0	0	0	0	0	0	0	0	594	0	0
OTU_627	0	0	0	0	0	0	0	0	0	0	0	0	0	0	0	0	0	39	0	5	0	4	10	53	8	1	0	0	1	13	64	7	5	2	1	0	11	3	9	11	0	4
OTU_628	0	0	0	0	0	0	0	0	0	0	0	0	0	0	0	0	0	0	0	0	0	0	0	0	0	7	0	0	0	0	0	0	0	0	1	0	0	0	0	0	0	0
OTU_629	0	0	0	0	0	0	0	0	0	0	0	0	0	0	0	0	0	0	0	0	0	0	0	0	0	0	0	0	0	0	0	0	0	0	0	0	0	0	0	76	0	0
OTU_63	0	0	0	0	0	0	0	0	0	0	0	0	0	0	0	0	0	0	0	0	0	0	0	0	0	0	0	0	0	0	0	0	0	44	0	0	0	0	0	0	0	0
OTU_630	0	0	0	0	0	0	0	0	0	0	0	0	0	0	0	0	0	0	0	0	0	0	0	0	0	0	0	0	1	130	0	1	3	8	0	0	0	10	0	0	0	0
OTU_632	0	0	0	0	0	0	0	0	0	76	1	0	0	0	0	0	0	0	0	0	0	0	0	0	0	0	0	0	0	0	0	0	0	0	0	0	0	0	0	0	0	0
OTU_633	0	0	0	0	0	0	0	0	0	0	0	0	0	23	1	1	0	0	0	0	0	0	0	0	0	0	0	0	0	0	0	0	0	0	0	0	4	0	0	0	0	0
OTU_634	0	1	1	0	0	3	1	0	2	0	5	0	0	0	0	1	0	0	0	0	0	0	1	0	0	0	0	0	0	0	37	0	0	0	1	0	0	0	0	0	0	1
OTU_635	0	0	0	0	0	0	0	0	0	0	0	0	0	1	0	0	23	1	0	0	0	0	0	0	0	0	0	0	0	0	0	0	0	0	7	0	0	0	0	0	0	0
OTU_636	0	0	0	0	0	0	0	0	0	0	0	0	0	0	0	0	0	0	0	0	0	0	0	0	0	0	0	0	0	0	0	0	0	0	0	0	0	0	0	0	0	47
OTU_637	0	0	19	0	0	0	0	0	0	0	0	0	0	0	0	0	0	0	0	0	0	0	0	0	0	0	0	0	20	0	0	0	0	0	0	0	0	0	0	0	0	0
OTU_638	0	0	0	0	0	0	0	0	0	7	0	0	0	0	0	0	0	0	0	0	0	0	0	0	0	0	0	0	0	0	0	0	17	0	0	0	0	0	0	0	0	0
OTU_639	0	0	0	0	0	0	0	0	0	0	0	0	0	0	0	0	0	0	0	0	0	0	0	0	0	0	0	0	0	0	0	0	0	0	0	0	0	0	0	7	0	0
OTU_64	0	0	0	0	0	0	0	0	0	0	0	0	0	0	0	0	0	7	0	0	0	0	0	0	0	0	0	0	0	0	0	0	0	0	0	0	0	0	0	0	0	0
OTU_640	1	1	0	2	0	0	0	0	0	0	0	0	0	0	0	0	0	0	0	0	0	0	0	0	0	0	0	0	0	0	0	0	0	0	0	0	0	0	0	0	0	0
OTU_641	0	0	0	0	0	0	0	0	0	0	0	0	0	0	0	0	0	0	0	0	0	0	0	9	0	0	0	0	0	0	0	0	0	0	0	0	0	0	0	0	0	0
OTU_642	0	0	0	0	0	0	0	0	0	0	0	0	0	0	0	0	0	6	0	0	0	0	0	0	0	0	0	0	0	0	0	0	0	0	0	0	0	0	0	0	0	0
OTU_643	0	0	0	0	0	0	0	0	0	0	0	0	0	0	0	0	0	0	0	0	0	0	0	11	0	0	0	0	0	0	0	0	0	0	0	0	0	0	0	0	0	0
OTU_644	0	0	0	0	0	0	0	0	0	0	0	0	0	0	0	0	0	0	0	0	0	0	0	0	0	0	0	0	0	3	0	0	0	0	0	0	0	0	8	0	0	0
OTU_645	0	0	0	0	0	0	0	1	2	1	0	0	0	0	0	0	0	0	0	0	0	0	0	0	0	0	0	0	0	0	0	0	0	0	0	0	0	0	0	0	0	0
OTU_646	0	0	0	0	0	0	0	0	0	0	0	0	0	4	0	0	1	0	0	0	0	0	0	0	0	0	0	0	0	0	0	0	0	0	0	0	0	0	0	0	0	0
OTU_647	0	0	0	0	0	0	0	0	0	0	0	0	0	0	0	1	0	0	1	0	0	0	0	0	0	0	0	0	0	0	0	0	0	0	0	0	1	0	0	0	0	0
OTU_648	0	0	0	0	0	0	0	0	0	0	0	0	0	0	0	0	0	0	0	0	0	0	0	0	0	0	0	0	0	0	0	0	0	0	0	5	0	10	3	0	0	5
OTU_649	0	1	0	1	0	0	0	0	0	0	0	0	0	0	0	0	0	0	0	0	0	0	0	0	0	0	0	0	0	0	0	0	0	0	0	0	0	0	0	0	0	0
OTU_65	0	0	0	0	0	0	0	0	0	0	0	0	0	0	0	0	0	0	0	0	0	0	0	0	0	0	0	0	0	0	0	0	0	19	0	0	0	0	0	0	0	0
OTU_650	0	0	0	0	0	0	0	0	0	0	3	0	0	0	0	0	0	0	0	0	0	0	0	0	0	0	0	0	0	0	0	0	0	0	0	0	0	0	0	0	0	0
OTU_651	0	0	0	0	0	0	0	0	0	0	0	0	0	0	0	0	2	0	0	0	0	0	0	0	0	0	0	0	0	0	0	0	0	0	2	0	0	0	0	0	0	0
OTU_652	0	0	0	0	0	0	0	0	0	0	0	0	0	0	0	0	0	0	0	0	0	0	0	0	0	0	0	0	0	0	0	0	0	0	0	28	0	13	16	3	0	0
OTU_653	0	0	0	0	0	0	0	0	0	0	0	4	0	0	0	0	0	0	0	0	0	0	0	0	0	0	0	0	0	0	0	0	0	0	0	0	0	0	0	0	0	0
OTU_654	0	0	0	0	0	0	0	0	0	0	0	0	0	0	0	0	0	1	0	0	0	0	0	0	0	0	0	0	0	2	0	0	0	0	5	0	189	0	0	0	0	0
OTU_655	0	0	0	3	0	0	0	0	0	0	0	0	0	0	0	0	0	0	0	0	0	0	0	5	0	0	0	0	0	0	0	0	0	0	4	0	0	0	0	0	0	0
OTU_656	0	0	0	0	0	0	0	0	0	0	0	0	0	0	3	0	0	78	0	0	0	0	0	0	0	0	0	0	0	0	0	0	0	0	0	0	0	0	0	0	0	0
OTU_657	0	0	0	0	47	77	49	27	36	83	36	134	5	18	44	43	73	191	58	51	554	41	78	19	245	3	10	90	13	6	0	4	1	5	5	19	38	0	2	14	0	4
OTU_658	0	0	1	0	0	0	0	0	0	0	0	0	0	0	0	0	0	0	0	0	0	0	0	0	0	0	2	4754	164	0	0	0	21	0	0	0	0	0	0	56	0	0
OTU_659	1	0	86	0	525	3	4	10	12	27	30	67	9	1	31	1	12	2	15	0	6	3	13	0	1	0	0	19	47	276	1	1	0	0	3	0	0	3	0	3	0	1
OTU_66	0	0	0	0	0	0	1	0	100	0	330	0	0	0	0	0	0	0	0	0	0	0	0	0	0	0	0	0	0	0	0	3095	0	0	0	0	0	0	0	0	0	0
OTU_660	0	0	0	0	0	0	0	0	0	0	0	0	0	0	0	0	0	0	2	0	0	0	1	0	1	0	0	8	2	14	0	0	0	0	17	209	84	1045	76	7	268	169
OTU_661	0	0	0	0	0	0	0	0	0	0	0	0	0	0	0	0	0	0	163	438	158	0	1	0	0	0	0	0	0	0	0	0	0	0	0	0	0	200	0	0	0	0
OTU_662	0	0	0	0	0	0	0	0	0	0	0	0	0	0	0	0	0	0	0	0	0	0	0	0	0	0	1	0	0	0	0	0	0	0	0	0	0	0	0	750	0	0
OTU_663	0	0	0	0	0	0	0	0	0	0	0	0	0	0	0	0	0	0	0	0	0	0	0	0	0	0	0	0	25	0	0	0	0	0	3	0	0	0	0	92	0	0
OTU_664	0	0	0	0	0	0	0	0	0	0	0	0	126	11	0	9	0	0	0	0	66	0	0	0	0	0	0	0	0	0	0	0	0	0	0	0	0	0	0	0	0	0
OTU_665	0	0	0	0	0	0	0	0	0	0	0	0	0	0	0	0	0	1	0	0	0	0	0	0	0	0	0	0	0	6	2	1	0	1	0	0	161	16	40	0	15	3
OTU_666	0	0	0	0	0	0	0	0	0	0	0	0	0	0	0	0	0	0	0	0	0	0	1	11	33	2	1	14	33	11	0	0	0	0	5	0	56	0	0	0	0	0
OTU_667	0	0	0	0	0	0	0	0	0	0	0	0	0	0	0	0	0	0	0	0	0	0	0	0	0	0	0	0	0	0	0	0	0	0	0	0	0	0	0	81	0	0
OTU_668	0	0	0	0	0	0	0	0	0	0	0	0	0	0	0	0	0	1	9	0	4	0	48	0	0	3	0	0	0	0	0	3	0	1	0	0	0	0	0	0	0	37
OTU_669	0	0	0	0	0	0	0	0	0	0	0	0	0	0	0	0	0	0	4	0	0	0	31	2	0	1	0	0	0	0	0	1	0	0	0	0	12	0	0	0	0	47
OTU_67	0	0	0	0	0	0	0	167	0	505	23	0	0	0	0	0	0	0	0	0	0	0	0	0	0	0	10	0	0	0	73	0	1	243	0	0	0	0	0	0	0	8
OTU_670	0	0	0	0	0	0	0	0	0	0	0	8	0	0	0	1	0	47	1	0	0	0	0	0	0	0	1	0	0	2	0	0	0	1	0	0	0	2	1	0	0	0
OTU_671	0	0	0	0	0	0	0	0	0	0	0	0	0	0	0	0	0	2	0	0	0	0	0	0	0	0	0	0	0	1	0	0	0	0	0	0	36	2	4	0	0	0
OTU_672	0	0	0	0	0	0	0	0	0	0	0	0	0	0	0	0	0	0	0	0	0	0	0	0	0	0	0	2	1	22	0	0	1	0	0	0	14	0	0	11	0	0
OTU_673	0	0	0	0	0	0	0	0	0	0	0	0	0	0	0	0	0	0	0	0	0	0	0	0	0	0	0	0	0	0	0	0	0	0	0	0	63	0	0	0	0	0
OTU_674	0	0	0	0	0	0	0	0	0	0	0	0	0	0	0	0	0	0	0	0	0	0	0	0	0	0	0	0	0	0	0	0	0	0	0	0	0	0	0	28	0	0
OTU_675	4	0	0	0	0	0	0	1	0	0	0	1	0	0	0	0	0	0	0	0	0	0	0	0	0	0	0	0	0	9	0	0	1	0	0	0	16	0	3	0	0	0
OTU_676	0	0	0	0	0	0	0	0	0	0	0	0	0	0	0	0	0	0	0	0	0	0	0	0	0	0	0	0	1	0	0	35	0	0	0	0	7	0	4	0	0	0
OTU_677	0	0	0	0	0	0	0	0	0	0	0	0	0	0	0	0	0	0	0	0	0	0	0	0	0	0	0	0	0	0	0	0	0	0	0	0	0	3	0	0	0	0
OTU_678	0	4	0	0	0	0	0	15	0	0	0	0	0	0	0	0	0	0	0	0	0	0	0	5	0	0	0	0	0	0	0	0	0	13	0	0	0	0	0	0	0	0
OTU_679	0	0	0	0	0	0	0	0	0	0	0	0	0	0	0	0	0	0	0	0	0	0	0	0	0	0	0	28	1	0	0	0	0	0	0	0	0	0	0	0	0	0
OTU_68	0	0	0	0	0	0	0	0	0	0	0	0	0	0	0	0	0	0	0	0	0	0	0	0	0	0	0	0	0	0	0	0	0	83	0	0	0	0	0	0	0	0
OTU_680	0	0	0	0	0	0	0	0	0	0	0	0	0	0	0	0	0	0	0	0	0	0	0	0	0	0	0	0	0	24	0	0	0	0	0	0	0	0	0	0	0	0
OTU_681	0	0	0	0	0	0	0	0	0	0	0	0	0	0	0	0	0	0	0	0	0	0	0	0	0	0	0	0	0	0	0	0	0	0	0	0	25	0	0	0	10	0
OTU_682	0	1	0	0	0	0	0	0	0	0	0	0	0	0	0	0	0	1	0	0	0	0	0	1	0	0	0	0	0	0	0	0	0	0	0	0	19	0	0	0	0	0
OTU_683	0	0	0	0	0	0	0	0	0	0	0	0	0	0	0	0	0	0	0	0	0	0	0	0	0	0	4	2	0	0	0	0	0	0	0	0	0	0	0	0	0	0
OTU_684	0	0	0	0	0	0	0	0	0	0	0	0	0	0	0	0	0	3	0	0	0	0	0	0	0	0	0	0	0	0	0	0	0	0	0	0	0	0	0	0	0	0
OTU_685	0	0	0	0	0	0	0	0	0	0	0	0	0	0	0	0	0	10	0	0	0	0	0	0	0	0	0	0	0	0	0	0	0	0	0	0	0	0	0	0	0	0
OTU_686	0	0	0	0	0	0	0	0	0	0	0	0	0	0	0	0	0	0	0	6	0	0	0	0	0	0	0	0	0	0	0	0	0	0	0	0	0	0	0	0	0	0
OTU_687	0	0	0	0	0	0	0	0	0	0	0	0	0	0	0	0	0	0	0	0	0	0	10	0	0	0	3	2	0	0	0	0	0	0	2	0	11	0	0	0	0	0
OTU_688	0	0	0	0	0	0	4	0	0	0	0	0	0	0	0	0	0	0	0	0	0	0	0	0	0	0	0	0	0	0	0	0	1	0	0	0	0	0	0	0	0	0
OTU_689	0	0	0	0	0	0	0	0	0	0	0	0	0	0	0	0	0	0	0	0	0	0	0	0	0	0	0	17	2	0	1	0	0	0	0	0	0	0	0	0	0	0
OTU_69	0	0	0	0	0	0	0	0	0	0	0	0	0	0	0	0	0	0	0	0	0	0	0	0	0	0	0	0	9	0	0	0	0	0	0	13	4	0	0	0	1	2
OTU_690	0	0	2	0	0	0	0	0	0	0	0	0	0	0	0	0	0	0	0	0	0	1	0	0	0	0	0	0	3	0	0	0	0	0	0	0	0	0	0	0	0	0
OTU_691	0	0	0	0	0	0	0	0	0	0	0	0	0	0	0	0	0	2	0	4	0	0	0	0	0	0	0	0	0	0	0	0	0	0	0	0	0	0	0	0	0	0
OTU_693	0	0	0	0	0	0	0	0	0	0	0	1	0	0	0	0	0	0	0	0	0	0	0	0	2	2	0	0	0	1	0	0	0	0	0	0	0	0	0	0	0	0
OTU_694	0	0	0	0	0	0	0	0	0	0	0	0	0	0	0	0	0	0	3	0	0	0	0	0	0	0	0	0	0	0	0	0	0	0	0	0	0	0	0	0	0	0
OTU_695	0	0	0	0	0	0	0	0	0	0	0	0	0	0	0	0	0	0	0	0	0	0	0	0	0	0	0	0	0	0	0	0	0	0	0	0	0	0	0	0	7	0
OTU_696	0	0	0	0	0	0	0	0	0	0	0	1	0	0	0	0	0	130	0	0	0	0	0	0	0	0	0	0	0	0	0	0	0	0	0	0	17	0	0	0	0	0
OTU_697	1	1	0	7	0	0	0	0	0	0	5	0	0	0	0	0	0	0	0	0	0	0	0	78	82	0	15	226	0	1	66	1	23	0	0	0	0	0	0	0	0	0
OTU_698	0	0	0	0	0	0	0	0	0	0	0	0	0	0	0	0	0	0	15	0	0	0	0	0	0	0	0	0	0	0	0	0	0	0	0	0	0	0	0	0	0	0
OTU_699	0	0	0	0	0	0	0	0	0	0	0	0	0	0	1	3	0	3	0	0	0	0	0	0	0	0	0	0	0	0	0	0	0	0	0	0	0	0	0	0	0	0
OTU_7	0	0	0	0	0	0	0	0	0	0	0	0	0	0	0	0	0	2	0	0	0	0	0	0	0	0	0	0	0	0	0	0	0	0	0	0	0	0	0	8	0	0
OTU_70	0	0	0	0	0	0	3	0	0	0	0	0	94	0	21	0	0	1636	369	76	57	43	0	0	0	0	0	0	0	0	0	0	0	0	0	1068	6	392	41	494	74	0
OTU_700	0	0	0	0	2	0	0	0	0	0	0	0	0	0	0	0	0	0	0	0	0	0	0	0	0	0	0	0	0	0	0	0	0	0	0	0	0	0	0	0	0	0
OTU_701	0	0	0	0	0	0	0	0	0	0	0	0	0	0	247	0	0	0	0	0	0	0	0	0	0	0	0	0	0	0	0	0	0	0	0	0	0	0	0	0	0	0
OTU_702	0	0	0	0	0	0	0	0	0	0	0	0	0	0	0	0	0	0	0	0	0	0	0	0	2	1	0	1	0	0	0	0	1	0	0	0	2	0	0	3	0	1
OTU_703	0	0	0	0	0	0	0	0	0	53	0	0	0	0	0	0	0	0	0	0	0	0	0	0	0	0	0	0	0	0	0	0	0	0	0	0	0	0	0	0	0	0
OTU_704	0	0	0	0	0	0	0	0	0	0	0	0	0	0	0	0	0	0	0	0	0	0	0	0	0	0	0	0	1	0	0	0	0	0	0	0	0	0	0	186	1	0
OTU_705	0	0	0	0	0	0	0	0	0	47	8	37	4	0	1	0	2	0	0	2	13	5	1	0	0	9	0	0	0	0	0	7	0	0	0	0	0	9	0	0	0	0
OTU_706	1	0	6	5	0	0	0	0	0	0	0	0	0	0	0	0	0	0	0	0	0	0	0	0	0	0	0	52	0	0	0	0	0	0	0	0	0	0	0	3	0	0
OTU_707	0	1	0	0	0	13	0	0	0	0	0	0	0	3	0	0	0	0	0	0	0	0	3	6	0	0	0	0	0	0	0	1	0	0	0	0	0	0	13	0	0	7
OTU_708	0	0	0	0	0	0	0	0	0	14	0	0	0	0	0	0	0	0	0	0	0	0	0	0	0	0	0	0	0	0	0	3	2	0	0	0	0	0	6	0	0	2
OTU_709	0	0	0	0	0	0	0	0	0	0	0	0	1	0	0	3	0	5	0	0	0	0	0	0	0	0	0	0	0	0	0	0	0	0	0	0	0	0	0	0	0	0
OTU_71	0	0	0	0	0	0	0	0	0	0	0	0	46	0	3	0	0	238	0	0	100	0	42	0	0	0	0	0	0	0	0	0	0	0	0	0	0	0	0	0	0	29
OTU_710	0	0	0	0	0	0	0	0	0	0	0	0	0	0	0	0	0	0	6	4	0	0	0	0	0	0	0	0	0	0	0	0	0	0	0	0	7	1	7	0	0	0
OTU_711	0	0	0	0	0	0	1	0	3	4	0	0	0	0	0	0	0	0	0	0	0	0	0	0	0	0	0	0	0	0	0	6	0	0	0	0	0	0	0	0	0	0
OTU_712	0	0	0	0	0	0	0	0	0	0	0	0	0	0	0	0	0	0	0	0	0	0	3	0	0	0	0	0	0	0	0	1	0	0	0	0	0	0	0	0	0	17
OTU_713	0	0	0	0	0	5	0	0	0	0	0	0	0	0	0	0	0	0	0	0	0	0	0	0	0	0	0	0	0	0	0	0	0	0	0	0	0	0	0	0	0	0
OTU_714	0	0	0	0	0	0	0	0	0	2	1	0	0	0	0	0	0	0	0	0	0	0	0	0	0	0	0	0	0	0	0	1	13	1	0	0	0	0	0	0	0	0
OTU_715	0	0	0	0	0	0	0	0	0	0	0	0	0	0	0	0	0	0	0	0	0	0	1	0	0	0	0	0	0	0	0	0	0	0	0	0	0	0	0	0	0	6
OTU_716	0	0	0	0	0	0	0	0	2	3	0	0	0	0	0	0	0	0	0	0	0	0	0	0	0	0	0	0	0	0	0	0	0	0	0	0	0	0	0	0	0	0
OTU_717	0	0	0	0	0	0	0	0	0	2	0	0	0	0	0	0	0	0	0	0	0	0	0	0	0	0	0	0	0	0	3	0	0	3	0	0	0	0	0	0	0	0
OTU_718	0	0	0	0	0	0	0	0	0	0	0	4	0	0	0	0	0	8	351	0	0	0	0	0	0	0	0	0	4	2	0	0	0	0	0	408	0	0	0	0	0	0
OTU_719	882	24	1	149	0	2	0	1	0	0	0	2	0	0	0	0	1	0	0	0	0	0	0	0	278	14394	12507	72	0	6	0	0	1	0	11	7	0	0	4	1	0	0
OTU_72	0	0	0	0	0	0	0	0	0	0	0	0	0	0	0	0	0	0	0	1	0	0	0	0	0	0	0	0	0	0	0	0	0	0	0	0	0	12	0	0	0	0
OTU_720	0	19	0	0	0	0	0	0	0	0	0	0	0	0	0	0	0	0	0	0	0	0	0	0	0	0	7907	0	0	0	0	0	0	0	0	0	0	0	0	0	1	1
OTU_721	0	0	0	0	0	0	0	0	0	0	0	0	0	0	0	0	0	0	0	0	0	0	0	0	0	4	11	0	0	0	0	0	0	0	0	0	0	0	0	0	0	0
OTU_722	34	12	62	60	1	5	12	36	25	43	37	1	1	35	0	0	0	32	35	3	1	11	186	3	120	11	66	152	41	0	4	66	24	68	1	0	50	4	44	94	17	287
OTU_723	0	0	0	0	0	0	0	0	0	0	0	0	0	1	0	0	2	0	0	7	46	0	0	0	0	0	0	0	0	0	0	0	0	0	5	0	75	2	31	0	0	0
OTU_724	1	6	11	2	14	46	0	0	0	0	0	4	1	3	1	0	0	2	1	4	1	17	5	9	0	0	8	0	8	23	0	0	0	0	1	4	8	9	1	23	20	0
OTU_725	0	0	0	0	0	0	0	0	0	0	14	0	0	0	0	0	0	10	3	0	0	0	0	0	0	0	0	0	0	0	0	2	1	0	0	0	0	0	0	0	0	0
OTU_726	0	0	0	0	1	0	0	0	0	0	0	2	0	0	0	1	1	0	0	28	0	0	0	0	4	0	0	0	1	7	0	0	0	0	6	0	31	15	45	6	0	0
OTU_727	0	0	1	0	0	0	0	0	0	0	0	2	0	0	0	0	5	4	0	0	0	0	0	0	0	0	0	0	1	7	0	0	0	0	12	0	0	0	0	0	0	0
OTU_728	0	0	0	0	0	0	0	0	0	0	0	4	0	0	0	0	0	0	0	0	0	0	0	0	0	0	0	0	0	0	0	0	0	0	0	0	0	0	0	0	0	0
OTU_729	0	0	0	0	0	0	0	0	0	0	0	1	0	0	1	0	1	0	0	0	0	0	0	0	0	0	0	0	0	0	0	0	0	0	3	0	0	0	0	0	0	0
OTU_73	0	3	0	0	3	0	0	3	1	0	1	0	0	0	0	0	0	0	0	0	0	0	0	0	0	0	0	0	0	0	0	0	0	0	0	0	0	0	0	0	0	0
OTU_730	0	0	0	0	0	0	0	1	0	0	0	0	0	0	0	0	0	0	0	0	0	0	0	0	0	0	0	0	0	0	0	0	0	0	0	0	0	0	0	0	0	0
OTU_731	0	0	0	0	0	0	0	0	0	0	0	0	0	0	0	0	0	0	0	0	0	0	0	0	0	0	0	0	0	0	0	0	0	1	0	0	0	0	0	1075	0	0
OTU_732	0	0	0	0	0	2	0	0	0	0	0	0	0	0	77	0	0	1	0	0	0	0	0	0	0	0	0	0	0	0	0	0	0	0	0	0	0	0	0	0	0	0
OTU_733	0	0	0	0	0	0	0	0	0	0	0	0	0	0	0	0	0	7	0	7	0	1	0	2	29	1	0	9	0	15	11	4	1	0	0	0	5	9	0	15	0	0
OTU_734	0	0	0	0	4	0	0	0	0	0	0	10	0	1	4	0	0	42	1	5	1	0	0	3	0	0	0	0	0	7	0	0	0	4	0	0	5	0	0	3	0	0
OTU_735	0	0	0	0	0	0	0	0	0	0	0	0	0	0	0	0	0	0	0	0	0	0	0	0	0	0	0	0	0	0	0	0	0	0	0	0	0	0	0	96	0	0
OTU_736	0	0	1	0	0	0	2	0	0	1	0	0	0	0	0	0	0	0	0	0	0	3	10	0	0	0	0	0	18	1	4	42	0	0	0	0	10	0	2	0	57	103
OTU_737	0	0	0	0	0	0	0	0	0	0	0	0	5	0	0	0	0	0	0	64	6	0	0	0	0	0	1	0	0	1	0	0	0	0	0	0	10	304	335	1	12	0
OTU_738	0	0	0	0	0	0	0	0	0	0	0	0	0	0	0	0	0	0	0	0	0	0	0	0	0	0	0	0	0	0	0	0	0	0	165	0	1	0	0	18	0	0
OTU_739	0	0	0	0	0	0	0	0	0	0	0	0	0	0	0	0	0	0	0	0	0	0	0	0	0	0	0	62	15	0	0	1	0	0	0	0	0	7	0	51	0	1
OTU_74	0	0	0	0	8	0	0	1	0	3	0	0	0	0	0	0	0	0	0	0	0	0	0	0	0	0	0	0	0	6	0	0	0	0	0	0	0	0	0	0	0	0
OTU_740	0	0	0	0	0	0	0	0	0	0	0	934	0	9	31	20	4	6	11	0	0	0	1	0	0	0	0	0	0	0	0	0	0	0	0	0	0	0	0	0	0	0
OTU_741	0	1	0	0	0	188	0	0	0	0	0	31	6	15	26	56	159	59	41	0	1	0	44	0	0	0	0	0	0	0	0	0	0	0	86	0	0	0	5	0	0	22
OTU_742	7	20	0	241	0	2	0	5	0	0	1	23	0	0	0	0	0	0	0	0	0	0	0	0	0	1	32	0	1	0	0	0	0	2	0	0	0	0	0	0	0	0
OTU_743	0	0	0	0	0	0	0	0	0	0	0	52	0	0	29	2	0	0	3	0	0	0	0	0	0	0	0	0	0	0	0	0	0	0	0	0	0	0	0	0	0	0
OTU_744	0	14	0	0	0	0	8	0	38	47	0	0	0	0	0	0	0	0	0	0	0	0	0	2	0	0	0	0	0	0	0	0	0	1	0	0	0	0	0	0	0	0
OTU_745	0	0	0	0	0	0	0	0	0	0	0	0	2	0	6	8	2	10	1	0	0	0	0	0	0	0	0	0	0	0	0	0	0	0	0	0	0	0	0	0	0	0
OTU_746	0	13	3	0	0	0	16	0	0	0	0	0	0	0	0	0	0	0	0	0	0	0	0	0	0	0	0	0	0	0	0	0	0	0	0	0	0	0	0	0	0	0
OTU_747	8	23	13	0	0	0	9	0	0	0	0	1	0	2	0	0	0	0	0	0	0	0	0	11	26	2	2	0	9	0	0	0	0	0	0	0	0	0	0	0	0	0
OTU_748	0	0	0	0	0	0	11	0	0	0	0	0	1	0	0	0	0	0	0	0	0	0	0	0	0	0	0	0	0	0	0	0	0	0	0	0	0	0	5	0	0	0
OTU_749	0	0	0	0	0	0	0	0	0	0	0	0	1	0	0	0	0	0	0	0	0	0	0	0	0	0	0	0	0	0	0	0	0	0	0	0	0	0	24	0	0	0
OTU_75	0	7	0	0	0	0	0	2	2	0	1	0	0	0	0	0	0	0	0	0	0	0	0	7	0	0	0	3	0	0	0	0	0	0	0	0	0	0	0	0	0	0
OTU_750	0	0	0	0	0	0	10	0	0	0	0	0	0	0	0	0	0	0	0	0	0	0	0	0	0	0	0	0	0	0	0	0	0	0	0	0	0	0	0	0	0	0
OTU_751	0	1	0	0	0	0	0	0	0	0	0	0	0	0	0	0	0	0	0	0	0	2	0	2	0	0	0	0	0	0	0	1	0	0	0	0	0	0	0	0	0	0
OTU_752	520	0	0	0	0	0	2461	0	0	0	0	0	0	0	0	0	0	0	0	0	0	0	0	0	260	0	0	0	0	0	0	0	2245	0	0	2	7035	0	1465	0	1	0
OTU_753	0	1	0	3713	0	0	0	0	8	7620	11	0	0	3	0	1	0	1	2	0	0	0	0	1	0	10	0	0	0	0	5	56	0	0	0	0	14	21	0	0	0	0
OTU_754	0	0	0	0	0	0	0	1	1	0	5	0	0	0	0	0	0	0	0	0	0	0	0	0	0	570	0	0	0	0	0	1578	31	0	0	0	0	0	0	0	0	0
OTU_755	4	1	217	0	0	0	0	0	0	0	0	0	0	0	0	0	0	0	0	0	0	0	0	0	6	0	539	1	269	0	0	0	0	0	0	0	0	0	0	281	2	0
OTU_756	0	0	0	0	0	0	611	0	0	0	0	0	0	0	0	0	0	0	0	0	0	0	0	0	0	0	0	0	0	0	0	0	0	0	0	0	0	0	0	0	0	0
OTU_757	0	0	0	0	0	0	0	0	0	0	0	0	0	0	2	0	0	0	0	0	0	0	0	0	0	0	0	0	0	0	0	0	0	0	0	0	0	0	0	383	0	0
OTU_758	0	0	0	0	0	0	0	0	0	0	0	0	0	0	75	0	0	307	0	0	0	0	1	0	0	0	0	0	0	0	0	0	0	0	0	0	1	0	0	0	0	0
OTU_759	0	0	0	0	0	0	0	580	0	0	0	0	0	0	0	0	0	0	0	0	0	0	0	0	0	0	0	0	0	0	0	0	0	0	0	0	0	0	0	0	0	0
OTU_76	0	0	0	0	0	0	0	0	68	0	0	0	0	0	0	0	0	0	0	0	0	0	0	0	0	0	0	0	0	0	0	0	3	0	0	0	0	0	0	0	0	0
OTU_760	0	0	0	0	0	0	0	0	0	0	0	52	0	0	0	124	3	0	0	0	24	0	0	0	0	0	0	0	0	0	0	0	0	0	8	0	0	0	0	0	0	0
OTU_761	0	0	0	0	0	0	0	0	0	0	0	0	0	0	81	0	0	0	0	0	0	0	0	0	0	0	0	0	0	0	0	0	0	0	0	0	0	0	0	0	0	0
OTU_762	0	82	0	3	0	0	0	0	0	0	0	0	0	0	0	0	0	0	0	0	0	0	0	30	0	0	0	0	0	0	0	0	0	0	0	0	0	0	0	0	0	0
OTU_763	0	0	0	0	0	0	0	0	0	0	0	99	0	0	14	14	1	0	8	0	0	1	0	0	0	0	0	0	0	0	0	0	0	0	0	82	0	0	0	0	0	0
OTU_764	0	0	0	0	0	0	0	0	0	0	0	157	0	0	0	0	0	0	0	0	0	0	0	0	0	0	0	0	0	0	0	0	0	0	0	0	0	0	0	0	0	0
OTU_765	0	0	0	0	0	0	0	0	0	0	0	0	1	0	19	1	11	0	0	0	0	7	0	0	0	0	0	0	2	0	0	0	0	0	92	0	77	0	0	0	5	0
OTU_766	0	0	0	0	0	0	124	0	0	0	0	0	0	0	0	0	0	0	0	0	0	0	0	0	0	0	0	0	0	0	0	0	0	0	0	0	0	0	0	0	0	0
OTU_767	13	0	0	3	0	0	0	0	0	0	0	0	0	0	0	0	0	0	0	0	0	0	0	0	0	0	1	32	0	0	0	0	0	0	0	0	0	0	0	55	0	0
OTU_768	0	0	0	0	0	0	0	0	0	0	0	0	0	0	0	0	0	0	0	0	0	0	0	0	0	0	57	0	0	0	0	0	0	0	0	0	0	0	0	0	0	0
OTU_769	0	0	0	0	0	0	0	0	0	0	0	0	0	0	13	0	0	0	0	0	0	0	21	0	0	0	0	0	0	0	0	0	0	0	0	0	15	0	0	0	0	25
OTU_77	0	0	0	0	0	0	0	0	0	0	0	6	3	0	3	5	0	2	0	0	0	0	0	0	0	0	0	0	0	0	0	0	0	0	0	0	0	0	0	0	0	0
OTU_770	0	0	0	0	0	0	0	0	0	0	0	0	0	0	0	0	0	0	0	27	0	0	0	0	0	0	0	0	0	0	0	0	0	0	0	0	0	76	0	0	0	0
OTU_771	0	0	0	0	0	0	0	0	0	0	0	0	0	0	0	0	0	0	0	5	0	0	0	0	0	0	0	0	0	0	0	0	0	0	0	0	0	12	0	0	0	0
OTU_772	0	2	0	0	0	0	0	0	0	0	0	0	0	0	0	0	0	0	0	0	0	0	0	5	0	0	0	0	2	0	0	0	0	0	0	0	0	0	0	12	0	0
OTU_773	0	0	0	0	0	0	0	0	0	0	0	0	0	0	0	0	0	0	0	0	0	0	0	0	0	0	0	0	0	0	0	0	0	0	0	0	0	0	0	20	0	0
OTU_775	0	0	0	0	0	0	0	0	0	9	0	0	0	0	0	0	0	0	0	0	0	0	0	0	0	0	0	0	0	0	0	0	0	0	0	0	0	0	0	0	0	0
OTU_776	0	0	0	0	0	0	0	0	0	0	0	0	0	0	0	0	0	0	0	0	0	0	0	0	0	16	0	8	0	0	0	0	0	0	0	0	0	0	0	0	0	0
OTU_777	0	0	0	0	0	0	0	0	0	0	0	0	0	0	0	0	0	0	0	0	0	3	0	0	0	0	0	0	0	0	0	0	0	0	0	0	0	0	0	0	8	0
OTU_778	0	2	0	1	0	0	0	0	0	0	0	0	0	0	0	0	0	0	0	0	0	0	0	1	0	0	0	0	0	0	0	0	0	0	0	0	0	0	0	0	0	0
OTU_779	3	1	32	6	0	0	0	0	0	0	0	2	0	0	0	0	1	1	83	0	2	1	0	0	1	0	2	14	28	1	0	0	0	0	0	30	0	0	5	8	7	0
OTU_78	3	0	0	19	0	0	0	0	0	0	0	0	0	0	0	0	0	0	0	0	0	0	0	0	0	0	0	16	0	0	0	0	0	0	0	0	0	0	0	0	0	0
OTU_780	0	10	0	28	0	15	0	0	0	0	0	0	2	0	1	0	0	0	0	1	0	0	11	0	0	0	0	1	0	0	0	0	0	0	0	0	0	0	0	0	0	0
OTU_781	0	0	0	0	0	0	0	0	0	0	0	10	1	0	0	0	4	2	0	0	0	0	0	0	0	0	0	0	0	0	0	0	0	0	0	0	0	0	0	0	0	0
OTU_782	0	0	0	0	0	0	0	0	0	0	0	0	0	0	0	0	0	0	5	1	0	1	1	0	0	0	0	0	0	0	0	0	0	0	0	0	0	10	0	0	0	0
OTU_783	0	0	0	0	0	0	0	0	0	0	0	0	0	0	6	0	0	0	0	0	0	0	0	0	0	0	0	0	0	0	0	0	0	0	0	0	0	0	0	0	0	0
OTU_784	0	0	0	3	0	0	0	0	7	1	4	0	0	0	0	0	0	0	0	0	0	0	0	0	0	0	0	0	0	0	0	0	0	0	0	0	0	0	0	0	0	0
OTU_785	0	0	0	0	2	0	0	0	0	0	0	0	0	0	0	0	0	0	0	0	0	0	2	0	0	0	0	0	0	4	0	0	0	0	0	0	0	0	0	0	0	0
OTU_786	0	0	0	0	0	0	0	0	0	11	0	0	0	190	0	0	0	1	0	0	0	0	0	0	0	0	0	0	0	0	0	0	0	0	0	0	0	0	0	0	0	0
OTU_787	0	0	0	0	0	0	8	0	4	108	0	0	0	0	0	0	0	0	0	0	0	0	0	0	0	0	0	0	0	0	0	3	0	1	0	0	0	0	0	0	0	0
OTU_788	0	0	0	0	0	0	0	0	0	0	0	0	0	0	0	0	0	0	0	0	0	9	4	0	0	0	0	0	1	2	0	0	0	1	0	0	0	0	0	8219	6	1
OTU_789	0	0	0	0	0	0	0	0	0	0	0	0	0	0	0	0	0	3	0	0	0	0	0	0	0	0	0	0	0	0	0	0	0	0	0	0	0	4	0	0	0	6
OTU_79	0	0	3	0	0	0	0	0	0	0	0	0	0	0	0	0	0	0	0	0	0	0	0	0	0	0	0	0	0	0	0	0	0	0	0	0	0	0	0	0	0	0
OTU_790	4	1	0	2	8	2	0	7	2	4	4	1	0	3	0	0	0	0	2	1	0	0	0	0	0	0	6	0	0	0	0	0	0	2	0	0	49	0	0	0	0	0
OTU_791	0	0	18	0	0	0	112	5	54	0	3	0	0	0	0	0	0	0	0	0	0	0	3	0	0	26	12	0	2	0	0	32	8	59	0	0	0	0	0	0	0	0
OTU_792	0	0	0	0	0	0	0	0	0	0	0	0	0	0	0	0	0	0	0	0	0	0	0	0	0	0	0	0	0	0	0	0	0	0	2	7	50	2	0	7	0	0
OTU_793	0	0	0	0	0	0	0	0	0	0	0	0	8	0	0	0	0	0	0	5	0	0	0	0	0	0	0	0	0	0	0	0	0	0	0	0	0	0	0	0	0	0
OTU_794	0	0	0	0	0	0	0	0	0	0	0	0	0	0	1	5	13	0	0	0	0	0	1	0	0	0	1	0	0	0	0	0	2	0	0	0	0	0	0	0	0	0
OTU_795	0	3	0	0	0	0	0	0	0	0	0	0	0	0	0	0	0	0	0	0	0	0	0	2	0	0	0	1	1	0	0	0	0	0	0	0	0	0	0	0	0	0
OTU_796	0	0	1	0	0	0	0	0	0	0	0	0	0	0	0	0	0	0	7	0	0	0	0	0	0	0	0	0	1	0	0	0	0	0	0	0	0	0	0	0	0	0
OTU_797	0	0	0	0	0	0	0	0	0	0	0	0	0	0	0	0	0	0	0	0	0	0	0	0	0	0	0	0	0	0	9	0	0	7	0	0	0	0	0	0	0	0
OTU_798	0	0	0	0	0	0	0	0	31	95	0	0	0	0	0	0	0	0	0	0	0	0	0	0	0	0	0	0	0	0	0	0	0	0	0	0	0	0	0	0	0	0
OTU_799	0	0	0	0	0	0	0	0	0	0	0	0	0	0	0	0	0	0	0	0	0	0	0	0	0	1	0	0	0	4	3	0	0	0	0	0	5	0	0	0	0	0
OTU_8	0	0	1	0	0	0	0	0	0	0	2	3	0	0	0	0	0	1	0	0	0	0	0	0	0	0	1	0	0	3	0	0	0	0	0	0	0	0	0	0	0	0
OTU_80	0	0	0	0	0	0	0	0	0	0	0	0	0	0	0	0	0	722	0	0	0	0	0	0	0	0	0	0	0	0	0	0	0	0	0	0	0	0	0	0	0	0
OTU_800	0	0	0	0	0	0	0	0	0	0	0	0	0	0	0	0	0	0	0	0	0	0	0	0	0	0	0	0	0	0	0	0	0	0	0	0	3	0	0	0	0	0
OTU_801	0	0	0	0	0	0	0	0	0	0	0	0	0	0	0	0	0	0	0	0	0	0	0	0	0	0	0	0	0	0	0	0	2	0	0	0	0	0	0	0	0	0
OTU_802	0	0	0	230	0	0	0	0	0	0	0	0	0	0	0	0	0	0	0	0	0	0	0	0	0	0	0	0	0	0	0	0	0	0	0	0	0	0	0	0	0	0
OTU_803	0	0	0	0	0	0	0	0	0	0	0	0	0	0	0	0	0	0	0	0	0	0	0	0	0	0	0	0	0	33	0	0	0	0	0	0	0	0	1	0	0	0
OTU_804	0	1	0	0	1	2	0	0	0	0	0	11	0	0	11	0	0	66	0	0	0	0	0	5	0	0	0	0	0	6	0	0	0	0	8	0	22	0	2	0	0	0
OTU_805	0	0	0	0	0	0	0	0	0	0	0	2	0	0	1	0	0	0	0	0	0	0	0	8	0	0	0	0	0	3	0	1	0	0	0	0	0	0	0	0	0	0
OTU_806	0	0	0	0	0	0	0	2	0	0	9	2	0	10	0	0	0	0	0	0	0	0	3	0	0	0	0	0	0	0	0	0	0	0	0	0	0	0	0	1	0	8
OTU_807	0	0	0	0	0	0	0	0	0	0	0	0	0	0	0	0	0	0	0	0	0	0	0	0	0	0	0	3	0	2	25	0	1	0	0	0	12	0	0	223	1	0
OTU_808	0	0	0	0	0	0	0	0	0	0	0	0	0	0	0	0	0	0	0	0	0	0	0	1	7	0	0	1	0	3	0	72	1	18	0	0	0	0	0	0	0	0
OTU_809	0	0	0	0	0	0	0	0	0	0	0	0	0	1	0	0	1	0	0	0	0	0	3	0	0	0	0	0	0	0	0	0	0	0	6	0	19	0	14	0	0	6
OTU_81	0	0	0	0	0	0	0	0	0	0	0	0	0	0	0	0	0	0	0	0	0	0	0	0	0	0	0	0	0	0	0	0	0	0	0	0	600	0	0	0	0	0
OTU_810	0	0	0	0	0	0	0	0	0	0	0	0	0	0	0	6	0	21	0	0	0	0	5	0	0	0	0	0	0	0	0	0	0	0	0	0	17	0	0	0	31	47
OTU_811	2	0	19	0	0	0	0	0	0	0	0	0	0	0	0	0	0	0	0	0	0	0	0	0	0	0	0	1	4	0	0	0	0	0	0	0	0	0	0	0	0	0
OTU_812	0	0	0	0	0	0	0	0	0	0	75	0	0	0	0	0	0	0	0	0	0	0	0	0	0	0	0	0	0	0	3	0	0	887	0	0	0	0	0	0	0	0
OTU_813	14	1	0	0	1	0	0	0	0	0	0	22	0	0	0	151	0	7	0	87	0	25	0	12	138	1	0	0	0	0	0	0	0	1	11	0	34	128	3	0	14	9
OTU_814	1	1	0	0	0	0	0	0	0	0	0	0	0	0	0	0	0	0	0	0	0	0	0	1	23	0	1	0	1	0	0	0	0	0	0	0	0	0	0	0	0	0
OTU_815	0	2	0	8	0	0	0	0	0	0	0	0	1	0	0	0	0	0	3	0	0	0	68	4	0	0	0	2	0	0	0	0	0	0	0	0	0	0	0	0	0	109
OTU_816	0	0	0	0	0	0	0	0	0	0	0	0	0	0	0	0	0	0	0	0	0	0	0	0	0	1	0	0	0	0	0	20	0	0	0	0	0	0	0	0	0	0
OTU_817	2	0	1	0	0	0	0	1	0	1	2	0	0	1	3	0	1	0	0	0	0	0	1	0	0	0	0	0	0	0	0	0	0	0	0	0	0	0	0	0	0	0
OTU_818	3	3	0	0	0	0	0	0	0	0	0	0	0	0	0	0	0	0	0	0	0	0	0	3	0	0	0	0	1	0	0	0	0	0	0	0	0	0	0	2	0	0
OTU_819	0	0	0	0	0	0	0	10	0	0	0	0	0	0	0	0	0	0	0	0	0	0	0	0	0	0	0	0	0	0	0	0	0	0	0	0	0	0	0	0	0	0
OTU_82	0	3	0	0	0	0	0	0	0	0	0	0	0	0	0	0	0	0	0	0	0	0	0	5	0	0	0	0	0	0	0	0	0	0	0	0	0	0	0	0	0	0
OTU_820	0	0	0	0	0	0	0	0	0	0	8	0	0	0	0	0	0	0	0	0	0	0	0	0	0	0	0	0	0	0	0	0	0	0	0	0	0	0	0	0	0	0
OTU_821	0	0	0	0	0	0	0	0	0	0	0	1	4	0	18244	1	0	0	0	0	0	0	0	0	0	0	0	0	0	0	0	0	0	0	0	0	0	0	0	0	0	0
OTU_822	0	0	0	0	0	0	0	0	0	0	0	487	6	2094	1776	0	3	2	0	0	0	0	0	0	0	0	0	0	0	0	0	0	0	0	0	2	957	0	368	1	0	0
OTU_823	182	0	0	166	0	0	0	0	0	0	0	0	0	0	0	0	0	0	0	0	0	0	0	0	79	43	0	0	0	0	0	0	0	0	0	0	0	0	0	0	0	0
OTU_824	0	0	0	0	0	0	0	0	0	0	0	0	103	0	0	0	0	0	0	0	0	0	0	0	0	0	0	0	0	0	0	0	0	0	0	0	0	0	0	0	0	0
OTU_825	0	0	0	0	0	7	0	0	0	0	0	0	0	1	0	0	0	0	0	12	0	0	0	0	0	0	0	0	0	0	0	0	0	0	0	0	0	63	0	15	0	0
OTU_826	0	0	0	0	0	0	0	0	0	0	0	0	0	0	18	0	0	0	0	0	0	0	0	0	0	0	0	0	0	0	0	0	0	0	0	0	0	0	0	0	0	0
OTU_827	0	0	0	0	0	0	7	0	4	12	0	1	0	0	0	0	0	0	0	0	0	0	0	0	0	0	0	0	0	0	0	47	0	0	0	0	0	0	0	0	0	0
OTU_828	0	2	0	0	0	0	1	0	0	0	0	0	0	0	80	1	0	8	0	3	0	0	3	0	0	1	0	0	0	0	0	0	0	0	0	0	0	0	0	0	0	0
OTU_829	0	0	0	0	0	0	0	0	0	0	0	0	0	0	1	0	1	3	2	0	1	0	0	0	0	0	0	0	0	0	0	0	0	0	0	0	15	0	0	41	29	0
OTU_83	0	0	0	0	0	0	0	0	0	0	0	0	0	0	0	0	0	0	0	1	0	0	0	0	0	0	0	0	0	0	0	0	0	0	0	0	12	3	0	0	0	0
OTU_830	3	0	0	0	0	0	0	0	0	0	0	0	0	0	1	0	0	0	0	0	3	0	0	0	0	6	0	0	0	0	0	0	0	0	0	0	0	0	0	8	0	11
OTU_831	0	0	2	0	0	0	0	0	0	0	0	0	0	0	0	0	0	0	0	0	0	0	0	0	0	11	0	0	0	0	0	0	0	0	0	0	0	0	0	0	0	0
OTU_832	0	0	0	0	0	0	0	0	0	0	0	4	0	0	0	0	0	9	0	2	0	0	0	0	0	0	0	0	0	0	0	0	0	0	0	0	0	0	0	0	0	0
OTU_833	1	0	0	0	0	0	0	0	0	0	0	4	1	0	1	0	0	0	0	0	0	0	0	0	1	0	0	0	0	0	0	0	0	0	0	0	7	0	0	0	0	0
OTU_834	0	0	0	0	0	0	0	0	0	0	0	0	0	0	0	0	0	0	0	0	0	0	0	0	0	0	0	0	0	0	0	0	0	0	0	0	0	0	0	5	0	0
OTU_835	0	0	0	0	0	0	0	0	0	0	0	121	0	0	0	0	0	0	0	0	0	0	0	0	0	0	0	0	0	0	0	0	0	0	0	0	0	0	0	0	0	0
OTU_836	0	0	0	0	0	0	0	0	0	0	0	0	0	0	0	4	0	0	0	0	0	0	0	0	0	0	0	0	0	0	0	0	0	0	0	0	0	0	0	0	0	0
OTU_837	0	0	0	0	0	0	0	0	0	0	0	6	0	0	0	1	0	1	0	0	0	0	1	0	0	0	0	0	0	0	0	0	0	0	0	0	0	0	0	0	0	0
OTU_838	0	0	0	4	0	0	0	0	0	0	0	0	0	0	0	0	0	0	0	0	0	0	0	0	0	1	0	0	0	0	0	0	0	0	0	0	0	0	0	0	0	0
OTU_839	0	0	0	0	0	0	0	0	0	0	0	0	0	0	1	0	0	0	0	0	0	9	1	0	0	0	0	0	0	0	0	0	0	0	0	0	0	0	0	0	0	0
OTU_84	0	0	0	0	0	0	0	0	0	0	0	3	0	0	0	0	0	0	0	0	0	0	0	0	0	0	0	0	0	0	0	0	0	0	0	0	0	0	0	0	0	0
OTU_840	0	0	0	0	0	0	0	0	0	0	0	0	0	0	0	2	0	1	0	0	0	0	0	0	0	0	0	0	0	0	0	0	0	0	0	0	0	0	0	0	0	0
OTU_841	0	0	16	0	5	0	0	0	0	0	0	0	5	2	111	1	0	8	0	1	0	0	127	0	0	54	0	246	48	8	0	0	0	0	2	0	77	5	190	194	5	324
OTU_842	0	0	0	0	0	0	31	0	0	0	1	0	0	0	0	0	0	0	0	0	0	0	0	0	0	0	0	0	0	0	0	0	0	0	0	0	0	0	0	0	0	0
OTU_843	0	57	0	0	0	0	0	0	0	0	0	0	0	18	0	0	0	8	0	0	0	0	1	65	0	81	0	0	0	0	0	0	0	0	0	0	26	0	0	16	0	0
OTU_844	0	0	0	0	0	0	0	0	0	0	0	0	0	0	0	0	0	0	0	0	0	0	2	0	0	0	0	0	0	0	0	0	0	18	4	0	0	0	0	0	0	11
OTU_85	1	0	0	0	0	0	0	0	0	0	0	0	0	0	0	0	0	0	0	0	0	0	0	0	0	2	0	1	0	0	0	0	0	0	0	0	0	0	0	894	1	0
OTU_86	0	0	0	0	0	0	0	0	0	0	0	0	0	0	0	0	0	0	0	1	0	0	0	0	9	2	0	9	0	0	3	0	29	0	0	1	0	0	2	606	0	0
OTU_87	0	0	0	0	0	0	0	0	0	0	0	0	0	0	0	0	0	0	0	0	0	0	0	0	0	0	0	0	0	2	0	0	0	0	0	0	0	0	0	308	2	0
OTU_88	0	0	0	0	0	0	0	0	0	0	0	104	2	11	38	17	47	332	1	0	109	0	3	0	0	2	0	0	0	0	0	0	0	0	17	0	0	0	0	0	0	0
OTU_89	0	0	0	0	0	0	0	0	0	0	0	157	0	22	0	0	0	104	0	0	0	0	0	0	0	0	0	0	0	0	0	0	0	0	0	0	0	0	0	0	0	0
OTU_9	0	0	0	0	0	0	0	0	0	0	0	0	0	0	0	0	0	0	0	0	0	0	0	0	0	0	0	0	0	0	0	4	0	0	0	0	0	0	0	0	0	0
OTU_90	2	0	0	7	0	26	0	0	155	69	39	0	0	0	0	0	0	1	0	0	0	0	0	0	0	0	0	0	0	2	0	78	0	84	0	0	0	0	0	0	0	0
OTU_91	0	0	0	0	0	0	0	5	10	1	112	0	0	0	0	0	0	0	0	0	0	0	0	0	0	0	0	0	0	0	0	52	0	14	0	0	0	0	0	0	0	0
OTU_92	0	0	0	0	0	0	0	0	0	0	0	0	0	0	0	0	0	0	0	0	0	0	32	0	0	0	0	0	0	0	0	0	0	0	0	0	0	0	0	0	0	17
OTU_93	0	3	0	0	0	0	0	0	0	0	0	30	0	2	0	0	0	0	0	0	0	0	0	2	0	0	0	0	0	0	0	0	0	0	0	0	0	0	0	0	0	0
OTU_94	0	0	0	0	0	0	0	0	0	0	0	0	0	0	0	0	0	0	0	0	0	0	0	0	0	0	0	0	0	0	0	0	0	0	0	0	0	0	0	7	0	0
OTU_95	0	0	0	0	0	0	0	0	0	0	0	0	0	0	0	0	0	0	0	0	0	0	0	3	0	0	0	0	0	0	0	0	0	0	0	0	0	0	0	0	0	0
OTU_96	0	0	0	0	0	0	0	0	0	0	0	1	0	0	0	0	0	0	0	0	0	0	0	0	0	0	0	0	0	0	0	0	0	0	0	0	0	0	0	0	0	0
OTU_97	0	0	0	0	0	0	0	0	0	0	0	0	0	0	0	0	0	0	0	0	0	0	0	0	0	0	0	0	0	0	0	0	0	0	0	0	0	0	0	0	9	0
OTU_98	14	3	30	4	6	6	0	0	0	0	0	36	3	2	22	2	5	11	103	23	10	3	0	110	493	32	17	87	1843	601	2	0	0	0	131	3599	139	916	295	90	73	71
OTU_99	0	0	0	0	0	0	0	0	0	0	0	0	0	0	0	0	0	0	0	0	0	0	0	0	0	3	41	0	0	0	0	0	0	0	0	0	0	0	0	0	0	0